565
5 438 326 714.96 469.77 439 317 694.315 484.529 440 318 678.396 513.33 442 368 650.078 572.57 441 327 659.865 541.28 
3 450 341 759.632 685.694 457 291 798.548 691.741 458 298 789.487 666.191 
3 368 404 262.909 484.453 369 395 279.472 454.552 371 374 307.476 419.94 
4 525 340 491.75 583.749 529 342 559.584 529.354 534 222 597.534 626.636 543 258 609.575 596.664 
3 494 38 281.214 682.086 495 23 280.671 661.097 496 20 299.984 660.201 
4 128 231 390.04 363.242 129 8 388.849 386.27 130 234 396.724 393.109 240 7 370.401 396.857 
7 460 35 521.439 602.405 461 45 542.201 624.518 462 159 543.961 649.106 467 148 540.526 674.005 468 135 557.523 673.433 469 151 590.301 694.112 464 123 474.913 672.554 
5 436 388 453.865 667.703 437 403 413.689 688.139 438 346 388.248 689.269 439 335 364.726 704.792 440 373 330.731 747.928 
5 524 116 492.957 298.668 525 110 473.675 327.831 526 106 504.897 295.632 527 119 507.686 288.642 544 159 625.224 311.279 
3 528 329 631.759 330.495 534 308 717.177 382.834 544 292 699.57 383.357 
4 494 352 700.605 321.127 499 281 770.252 384.709 509 352 810.77 465.707 511 301 812.936 458.146 
3 400 380 334.397 676.006 407 345 336.818 658.55 406 365 379.959 616.848 
16 360 336 326.017 466.782 361 314 320.612 462.247 368 330 372.099 471.118 369 330 391.82 443.522 370 347 432.041 419.315 372 333 407.915 379.95 521 353 452.255 622.785 522 325 471.113 620.725 519 219 385.892 631.167 374 291 452.645 340.217 373 304 410.711 348.386 520 332 434.138 609.226 528 295 582.161 614.966 529 284 589.518 605.722 543 269 643.975 666.652 544 262 653.181 664.244 
6 225 342 597.466 673.396 226 344 626.071 685.299 229 455 732.965 775.311 227 353 660.725 699.847 334 144 432.542 653.442 230 433 753.073 782.862 
3 523 64 453.009 739.366 525 70 460.452 751.753 527 65 476.512 725.828 
23 360 351 277.657 534.824 361 325 271.694 533.489 368 343 309.112 556.792 369 345 328.28 528.828 370 361 366.198 504.247 371 328 356.35 499.196 372 348 341.056 468.231 373 316 344.949 433.779 374 306 385.675 423.273 520 244 389.865 670.237 521 277 406.182 684.15 523 344 468.273 677.282 527 378 493.852 666.343 375 330 464.792 407.14 376 379 519.894 359.422 522 244 424.611 679.868 524 365 488.26 679.844 525 358 475.066 692.388 528 300 526.654 673.351 529 358 523.275 671.328 543 339 581.915 730.178 683 350 526.135 570.962 544 333 598.048 718.64 
10 519 372 307.666 598.469 523 393 443.219 579.591 524 414 464.373 583.076 525 401 451.356 599.943 526 398 473.699 575.261 527 425 474.05 569.666 522 374 393.721 583.761 528 349 506.898 568.206 683 419 524.009 486.846 544 356 576.002 615.505 
3 48 472 461.407 336.833 50 513 480.171 327.944 51 507 486.566 326.159 
3 486 63 470.869 310.5 487 193 489.663 362.641 489 5 476.819 316.41 
3 520 66 304.166 703.744 521 78 317.724 716.288 522 52 339.08 713.103 
5 102 32 554.003 407.697 103 45 532.409 433.71 107 280 495.125 550.574 108 278 500.424 578.729 109 279 502.261 605.041 
5 305 121 440.893 300.3 306 133 416.773 313.443 307 171 377.95 335.897 308 119 346.407 351.581 309 7 348.544 347.204 
6 340 255 522.876 454.864 341 140 529.315 497.039 342 134 556.67 519.815 348 179 644.248 607.215 349 178 654.725 630.418 353 249 734.557 692.202 
3 506 91 360.167 645.916 507 131 360.734 710.291 510 43 372.605 639.073 
31 355 8 418.113 447.986 356 12 462.275 465.956 357 21 464.634 506.917 358 20 492.739 533.568 359 12 538.429 533.366 361 15 584.342 520.652 362 13 567.879 510.088 363 15 569.404 499.4 364 12 598.275 510.296 365 26 602.016 554.343 366 93 620.159 584.112 505 79 535.839 616.16 506 92 500.321 684 367 79 657.663 572.602 503 90 582.594 660.234 510 48 493.568 673.571 520 61 677.825 660.299 521 70 699.083 677.893 368 98 699.515 545.467 369 90 716.042 521.977 374 89 775.025 432.271 504 96 606.936 601.389 500 99 523.001 701.098 502 81 557.276 729.841 370 108 756.784 503.471 371 99 754.234 499.773 498 48 392.274 653.035 501 95 538.696 747.42 507 136 496.413 744.74 526 40 777.672 681.565 527 52 777.879 682.387 
5 35 16 471.513 344.813 36 15 503.044 346.826 37 12 539.374 344.917 38 19 578.69 345.434 40 20 643.282 342.698 
3 528 263 266.828 452.243 534 265 268.683 504.388 543 316 277.555 507.984 
3 392 290 293.704 554.524 393 259 297.603 484.23 394 233 311.958 422.621 
5 399 294 234.518 620.483 407 265 227.831 570.096 408 252 226.626 606.406 413 43 226.916 548.41 414 267 235.893 577.352 
11 516 182 244.304 567.335 517 305 267.26 559.43 518 275 288.897 532.94 522 294 438.969 460.962 523 312 492.905 462.818 524 328 513.02 472.073 527 239 527.871 460.001 528 260 573.049 444.266 526 223 528.302 463.465 534 212 635.463 507.662 544 240 639.688 496.329 
15 440 397 491.037 625.773 441 385 466.815 657.629 442 422 460.536 683.529 443 411 433.38 689.567 444 422 428.128 665.997 445 411 432.414 680.701 457 387 353.729 780.468 458 389 371.252 771.547 446 398 397.351 742.421 447 433 384.481 782.634 448 384 367.001 768.601 449 370 358.109 713.79 450 359 330.541 675.769 452 359 336.775 748.984 453 401 344.603 780.221 
3 149 49 826.013 475.868 259 36 833.241 469.928 261 157 802.454 422.15 
3 58 351 244.714 625.567 59 378 261.985 587.182 60 314 242.683 551.949 
5 99 607 576.013 642.277 101 580 548.618 673.35 103 559 481.792 730.456 104 509 468.598 764.615 100 156 577.816 653.604 
4 380 29 247.452 511.889 381 146 288.33 466.042 382 177 298.864 423.995 383 249 326.909 376.99 
4 398 12 398.347 394.726 409 7 363.496 350.281 416 6 341.481 368.191 414 1 386.443 330.183 
4 365 14 346.633 458.768 367 13 382.2 466.771 368 8 419.211 431.652 372 2 456.191 336.182 
17 342 447 497.239 427.738 343 417 517.911 453.468 345 454 518.752 467.65 346 453 545.681 455.645 348 483 583.951 527.893 350 464 607.585 577.165 351 459 628.352 607.331 352 439 657.626 615.162 353 426 680.71 620.833 354 481 704.068 636.3 355 469 716.857 640.332 356 526 742.059 641.578 484 390 561.098 760.692 485 338 617.717 788.235 490 377 683.846 798.541 486 346 661.637 826.616 491 421 704.28 784.685 
10 351 481 422.857 565.25 356 524 563.425 608.933 357 483 560.871 641.556 358 474 589.951 663.384 359 459 629.623 663.139 362 491 675.277 659.087 492 397 537.343 778.775 360 480 675.67 658.5 361 465 685.208 661.509 365 425 711.006 709.587 
19 357 347 633.641 367.478 358 336 661.263 398.246 359 294 715.795 394.99 485 230 396.845 502.776 486 168 443.238 543.966 491 209 486.403 478.717 492 261 528.481 451.933 498 236 545.323 466.456 499 158 609.339 463.143 500 201 723.88 490.426 510 273 668.678 498.356 517 224 693.983 608.004 487 209 461.03 564.915 509 227 637.618 531.91 511 242 656.68 520.159 506 245 708.467 480.167 508 170 642.948 573.963 512 256 628.332 590.561 515 166 601.387 667.377 
5 486 6 381.169 432.619 489 16 391.729 430.469 490 15 412.508 394.037 491 5 428.513 356.889 498 8 483.205 327.134 
3 132 380 395.629 344.144 244 302 415.837 343.84 248 312 560.781 303.954 
4 370 466 830.085 550.372 371 440 830.038 546.575 372 461 821.543 520.942 373 438 815.084 490.591 
7 133 476 681.504 312.266 136 490 724.316 337.02 134 418 701.093 321.009 137 429 729.706 340.484 246 451 718.386 333.639 138 319 732.366 336.71 247 301 739.658 341.432 
3 237 418 566.845 275.97 240 316 639.003 288.859 239 417 632.822 289.298 
11 477 266 447.956 499.413 481 320 545.772 546.726 482 309 557.208 572.132 483 325 576.296 572.072 480 332 531.921 511.31 484 301 630.243 578.073 486 263 744.534 647.743 491 305 796.266 590.156 485 244 689.85 601.331 488 277 747.688 659.894 490 298 767.607 610.312 
4 398 255 529.037 361.544 408 299 512.626 322.373 409 362 505.647 322.017 406 252 507.221 305.366 
3 75 700 211.55 693.323 76 709 208.183 692.754 174 408 203.013 641.012 
5 67 173 412.659 680.15 68 138 417.355 631.328 70 96 414.555 527.543 71 86 380.523 504.366 72 72 327.637 496.678 
3 73 159 284.7 609.24 74 146 255.415 594.782 76 137 242.487 590.431 
4 126 291 360.452 757.985 235 82 304.743 706.337 236 209 306.371 716.337 237 84 316.488 723.184 
8 308 280 796.105 645.936 309 281 793.201 639.642 310 244 765.077 644.573 311 233 721.28 658.043 312 261 700.352 695.959 313 280 668.154 721.953 315 278 596.801 754.661 316 293 491.857 761.263 
4 378 135 286.496 472.155 379 132 288.963 444.101 380 113 314.201 391.352 381 124 356.017 345.258 
4 30 541 553.471 307.005 31 575 592.202 299.044 32 529 615.238 299.703 33 475 637.348 306.898 
3 385 279 249.783 476.981 386 279 286.123 412.444 387 246 300.913 382.424 
8 488 274 628.901 633.502 489 281 628.26 617.077 490 292 646.674 585.838 493 326 760.254 538.576 494 356 773.217 516.798 497 310 756.934 542.653 498 318 750.678 566.594 495 344 780.298 491.714 
5 335 393 849.922 548.522 336 374 856.109 582.505 337 394 857.056 610.434 339 453 848.002 668.184 340 421 838.795 703.526 
4 461 18 659.693 471.864 463 12 636.661 515.695 467 11 634.599 493.644 468 10 644.777 501.159 
7 446 200 596.36 659.73 452 179 528.122 630.858 453 120 532.433 661.084 454 195 502.91 683.214 456 116 504.691 678.508 465 147 478.411 775.927 449 271 554.673 610.809 
4 225 515 622.288 436.223 334 415 518.462 415.125 333 407 526.59 375.038 335 410 501.444 464.416 
5 500 188 441.702 335.985 501 189 459.36 385.741 502 189 483.483 368.745 509 214 373.964 401.406 507 261 402.624 421.171 
4 359 190 370.994 320.386 365 255 407.931 300.854 504 196 352.382 327.91 366 304 419.571 299.581 
10 398 16 401.874 410.989 399 7 362.109 368.524 408 9 371.957 364.215 409 12 366.369 365.959 410 130 328.975 384.251 414 88 387.946 347.036 415 104 373.687 361.7 407 10 359.435 355.773 416 106 341.457 383.675 411 14 313.593 385.572 
10 283 284 573.416 834.247 399 146 653.695 699.543 400 178 605.726 668.115 401 183 560.026 633.916 406 94 603.824 627.328 407 74 584.399 663.3 408 73 614.113 700.881 410 222 558.375 719.537 413 180 576.475 674.805 416 202 537.383 707.505 
6 204 30 647.22 472.759 207 32 576.179 514.651 208 43 558.51 536.393 209 49 524.154 566.685 210 51 537.249 578.218 211 179 566.849 582.973 
7 45 154 546.567 695.197 46 115 569.041 655.316 48 84 603.081 568.935 49 91 615.41 549.763 50 91 618.091 557.399 51 86 624.972 554.241 52 92 615.216 539.856 
4 146 11 307.261 436.011 147 12 339.074 404.624 252 18 332.067 418.954 253 13 328.662 435.699 
25 66 122 804.912 608.706 68 85 796.461 541.035 72 30 730.973 439.032 73 34 698.321 434.231 74 27 673.642 428.998 75 21 670.175 428.431 76 21 660.232 429.014 77 19 644.313 422.575 78 23 632.424 411.586 79 26 622.749 411.733 80 16 615.754 399.339 81 15 606.159 394.417 82 22 589.498 399.146 83 11 572.336 404.535 85 12 527.628 402.186 84 8 557.175 400.624 86 220 496.733 399.099 87 8 493.411 377.126 88 7 497.206 351.387 89 4 472.702 347.332 90 351 438.325 334.246 91 6 405.883 333.937 92 13 366.867 354.711 69 63 812.308 500.312 71 50 780.014 443.854 
3 436 484 634.585 896.069 437 477 572.689 914.056 438 421 532.123 915.984 
5 486 71 432.78 404.71 487 7 453.944 429.055 488 14 444.298 423.057 489 97 442.27 403.281 490 9 463.972 364.839 
4 399 382 198.232 666.497 407 395 195.24 606.525 414 399 198.52 616.687 408 411 191.569 634.475 
3 524 114 546.111 279.716 526 103 557.904 277.035 527 0 561.417 270.869 
7 195 531 724.952 732.311 196 499 709.059 725.246 304 448 729.62 622.427 306 427 665.394 642.086 307 397 613.293 679.971 305 424 690.201 607.312 308 402 565.614 699.011 
3 389 415 269.463 609.45 390 389 297.181 559.251 391 285 312.594 472.409 
9 482 226 374.809 368.512 483 124 396.275 376.194 485 144 535.145 409.638 486 74 582.165 453.802 489 100 586.068 451.609 487 105 597.75 477.77 491 199 633.883 382.294 488 97 585.53 471.568 492 166 686.41 348.096 
7 304 339 728.778 729.656 306 315 655.659 761.086 307 284 593.696 808.419 308 297 537.359 832.817 309 296 536.368 822.272 310 265 504.676 827.402 311 261 457.812 838.665 
5 484 292 686.41 524.404 485 294 753.563 550.506 486 311 803.986 592.366 487 281 819.367 611.87 488 327 805.668 606.759 
4 378 326 276.557 516.276 379 326 280.267 491.128 381 330 343.365 388.956 380 329 301.818 435.248 
5 524 407 288.261 480.42 526 326 303.181 465.525 527 340 304.336 456.1 528 336 327.298 440.891 534 264 340.532 490.253 
3 290 436 706.373 869.496 292 400 668.754 891.538 293 403 663.338 891.537 
10 78 169 812.816 610.841 80 158 796.466 601.593 82 151 770.288 604.172 83 107 753.919 614.311 84 97 736.457 613.421 85 276 703.775 617.285 86 285 668.115 614.303 87 97 663.595 586.165 88 87 664.004 552.193 89 89 631.21 545.091 
8 202 55 690.999 523.139 204 69 667.815 606.932 312 23 595.767 407.744 313 27 571.432 418.481 314 32 554.363 414.075 308 8 666.274 378.517 310 108 645.481 378.391 311 19 613.78 388.595 
3 294 264 752.64 600.452 298 264 665.396 628.621 423 227 695.95 627.48 
3 94 467 719.683 803.044 95 473 691.304 822.517 96 545 656.408 842.796 
3 307 376 636.647 898.548 309 368 569.474 912.233 310 362 532.826 915.481 
5 31 224 470.428 871.031 32 234 495.535 860.246 33 206 520.534 863.292 34 197 561.908 868.127 35 203 601.161 876.832 
9 231 535 579.459 389.087 232 534 584.334 371.759 233 512 615.484 357.271 236 507 675.934 388.397 237 487 683.393 399.104 238 484 700.971 413.435 344 378 415.575 474.417 234 535 653.992 357.765 235 503 674.089 377.562 
3 500 204 244.211 539.967 505 194 273.144 440.119 506 132 228.562 519.65 
4 524 215 404.618 400.465 525 224 393.268 422.968 526 215 422.732 392.685 527 339 426.605 384.247 
5 39 80 301.743 500.235 40 95 339.327 489.36 44 30 478.679 388.8 45 22 504.543 360.191 46 21 528.71 330.93 
3 192 111 700.706 694.127 198 134 642.585 770.829 302 59 684.489 550.995 
6 16 289 728.714 427.646 17 427 653.755 414.476 18 435 640.852 414.328 19 427 654.741 436.761 20 430 638.934 481.587 21 440 635.484 561.81 
8 108 6 638.235 324.575 109 13 639.993 347.738 110 23 656.302 383.387 111 270 675.974 416.34 112 269 680.979 446.672 114 275 692.037 495.022 113 261 685.92 470.552 115 88 706.846 526.649 
37 219 165 483.345 322.227 220 156 507.248 358.417 222 114 498.644 434.974 223 137 509.164 464.343 224 168 525.635 498.039 225 177 538.769 517.2 228 176 632.666 572.745 229 209 669.323 616.374 333 74 429.72 435.167 334 92 422.285 474.538 221 118 505.043 395.589 231 220 710.771 628.537 233 203 746.02 595.855 332 87 409.976 393.149 335 110 407.188 520.011 234 213 787.289 599.229 235 186 804.974 617.959 236 193 806.689 629.742 341 65 440.595 677.497 344 46 482.301 734.715 346 66 510.685 709.096 230 204 689.043 624.852 343 50 483.443 721.115 237 187 811.972 639.389 238 196 828.824 653.586 340 72 430.808 642.772 348 99 549.507 771.219 345 72 485.586 724.753 350 93 572.944 809.637 351 108 592.331 829.465 347 79 527.27 738.416 232 227 714.438 611.693 352 106 619.044 832.31 353 88 641.608 832.092 354 105 663.887 842.684 331 84 339.581 374.356 349 98 560.241 789.8 
45 134 368 344.285 456.131 135 358 370.457 454.262 140 265 448.152 400.451 141 273 472.904 385.444 244 241 313.593 438.442 245 318 352.506 436.857 246 232 388.182 433.279 247 231 418.292 417.883 248 253 453.116 398.725 249 247 480.492 374.309 136 376 378.184 472.563 142 266 489.41 380.979 143 283 493.307 378.862 144 267 506.103 367.167 375 119 561.097 568.179 145 273 523.39 348.033 146 281 558.596 319.746 253 279 591.341 334.516 254 274 591.23 336.239 255 288 578.262 327.509 250 268 509.887 349.174 251 254 545.787 328.921 376 94 610.536 527.052 256 293 579.498 304.393 377 83 687.44 466.661 252 289 595.782 318.657 378 130 717.788 429.513 379 123 716.093 407.306 360 36 371.883 644.982 374 103 490.397 582.289 370 121 473.604 652.516 371 193 466.959 649.938 380 106 733.041 365.476 361 39 369.035 647.732 368 123 422.97 695.251 369 111 439.659 670.565 521 92 488.912 794.781 522 168 504.773 792.88 523 76 544.892 789.535 527 88 563.27 780.867 520 86 472.596 779.175 525 80 549.259 800.098 526 72 566.445 781.036 529 172 602.003 811.706 530 152 639.77 797.545 
3 103 114 438.479 570.692 104 110 425.851 598.756 105 144 415.212 632.735 
4 526 132 428.851 527.366 527 142 429.112 520.369 529 269 450.341 480.317 543 197 500.343 561.248 
5 329 182 784.286 478.862 330 204 766.095 520.637 462 23 532.081 584.493 468 27 534.246 612.922 464 12 457.796 605.519 
3 459 306 541.412 386.167 461 372 534.3 440.995 467 287 492.119 480.545 
4 463 324 538.075 894.767 464 290 487.964 896.487 467 323 581.539 894.925 468 295 602.94 881.616 
11 128 0 449.373 308.376 129 228 449.464 331.765 130 224 456.961 338.17 131 182 491.99 328.607 134 196 581.825 310.319 132 210 531.459 311.576 241 2 440.037 344.889 133 210 558.59 305.477 245 144 576.169 324.99 246 132 612.924 322.183 243 152 509.477 319.295 
3 124 12 379.775 391.691 125 20 396.99 401.283 132 19 568.244 462.861 
4 516 98 476.897 396.803 517 110 503.811 389.453 518 104 525.79 366.086 519 101 588.655 315.955 
4 516 235 351.441 425.503 518 187 405.427 395.026 519 268 459.355 340.442 517 113 385.993 415.186 
5 22 493 546.941 729.381 23 595 542.174 828.321 111 526 460.884 599.327 112 523 470.827 628.849 104 448 457.344 388.242 
11 447 334 683.825 839.682 448 287 667.026 812.289 451 241 548.072 696.245 453 328 640.089 778.403 454 309 605.878 797.095 456 311 621.283 780.317 460 205 588.671 802.814 461 228 619.06 832.78 462 306 626.6 869.741 455 299 615.527 813.222 465 267 630.574 852.15 
3 444 255 652.141 754.467 445 116 643.067 765.987 458 131 576.752 767.054 
4 391 324 269.206 661.064 392 296 284.673 572.319 393 138 287.746 500.591 394 127 302.933 439.595 
4 290 472 802.967 738.232 293 449 778.39 767.654 291 473 780.641 762.306 298 480 653.066 852.556 
4 386 311 235.441 560.207 390 129 271.811 425.917 388 160 229.959 508.804 389 180 243.742 475.513 
7 276 262 566.94 779.753 278 200 499.577 697.919 392 235 644.825 851.973 393 220 648.677 792.707 395 171 620.48 661.999 396 142 614.723 616.957 394 195 642.585 727.122 
5 224 429 273.266 657.785 225 432 287.589 673.742 231 357 451.525 778.038 229 355 411.745 765.461 230 354 431.588 772.657 
4 99 673 475.109 285.667 100 663 474.006 290.778 101 659 455.535 296.068 102 653 426.088 306.234 
6 362 148 279.387 682.521 364 123 292.199 689.82 519 169 363.576 832.514 363 143 272.554 675.32 365 151 286.041 734.328 367 109 311.86 762.404 
5 386 438 235.662 587.775 387 399 248.097 554.846 390 374 269.379 450.133 388 401 229.885 532.926 389 406 242.606 499.745 
3 227 283 730.267 357.074 229 289 806.745 444.363 228 367 769.817 396.988 
8 47 119 622.862 834.299 48 127 639.186 786.909 49 309 652.409 758.753 50 136 656.508 767.409 51 326 663.659 757.902 52 307 652.932 741.463 53 117 662.358 703.197 54 133 678.371 664.498 
11 273 461 782.12 393.866 277 352 718.33 330.627 278 330 690.682 312.4 279 240 672.816 302.63 280 118 662.262 295.144 283 296 622.321 283.904 281 2 651.268 289.63 282 1 641.008 286.614 284 116 606.251 278.509 285 263 584.184 276.525 286 262 560.795 274.951 
3 365 363 402.646 512.377 366 340 416.522 539.885 367 313 444.671 525.016 
3 505 334 289.216 646.91 510 359 277.456 697.769 511 327 274.952 704.904 
5 386 438 235.662 587.775 387 399 248.097 554.846 390 374 269.379 450.133 388 401 229.885 532.926 389 406 242.606 499.745 
5 86 147 729.442 724.46 87 165 724.948 693.92 88 163 724.565 653.146 90 203 632.086 607.741 89 174 688.817 643.05 
5 182 213 746.607 736.645 183 224 721.949 745.118 184 207 711.889 740.876 185 206 683.637 733.51 192 334 567.964 824.101 
4 386 311 235.441 560.207 390 129 271.811 425.917 388 160 229.959 508.804 389 180 243.742 475.513 
3 434 274 512.144 860.705 435 298 449.901 860.076 436 263 395.069 860.088 
4 526 29 200.536 595.364 527 40 198.824 585.45 528 198 201.229 572.466 543 203 210.123 640.436 
3 438 298 650.166 775.156 439 348 629.16 801.313 440 344 606.416 869.748 
4 526 29 200.536 595.364 527 40 198.824 585.45 528 198 201.229 572.466 543 203 210.123 640.436 
3 434 461 362.76 693.891 435 425 319.38 696.519 436 390 279.904 699.157 
3 434 363 436.696 803.319 435 380 383.068 803.983 436 335 336.617 805.139 
3 434 363 436.696 803.319 435 380 383.068 803.983 436 335 336.617 805.139 
3 298 416 746.132 770.505 299 381 692.231 736.82 300 391 672.333 773.71 
3 66 723 679.933 570.356 67 752 672.193 540.102 68 795 676.628 503.074 
4 328 233 232.804 689.656 329 292 244.963 719.011 330 248 254.384 742.671 331 279 262.44 759.816 
4 445 124 395.858 355.424 448 121 316.835 416.528 446 9 358.685 405.072 447 17 339.063 429.111 
10 523 169 264.367 750.51 525 177 281.006 761.494 529 230 271.61 734.126 524 176 289.539 750.24 526 175 299.237 732.851 527 186 296.573 725.831 528 144 311.436 732.786 543 155 343.666 804.114 544 136 387.069 788.825 683 40 344.542 608.884 
3 392 290 293.704 554.524 393 259 297.603 484.23 394 233 311.958 422.621 
6 524 136 313.671 456.319 526 129 327.901 447.665 528 112 352.587 417.178 534 104 379.419 464.309 527 234 329.235 441.004 543 192 376.426 459.18 
3 462 174 834.417 701.537 463 176 821.548 732.78 465 104 848.649 621.342 
3 462 174 834.417 701.537 463 176 821.548 732.78 465 104 848.649 621.342 
3 209 487 669.869 547.026 212 512 751.793 567.004 321 380 627.346 462.644 
6 297 464 680.995 814.63 298 412 593.547 739.557 299 375 543.723 705.066 300 386 515.698 739.398 301 440 489.436 791.666 302 425 496.496 834.055 
4 290 111 621.111 721.262 293 102 587.995 741.558 294 87 566.106 752.538 296 222 588.183 868.431 
7 144 270 316.468 372.181 145 274 339.307 350.377 146 191 379.396 319.659 252 1 415.612 304.065 253 359 411.557 319.212 254 357 412.63 319.481 255 285 401.603 314.633 
17 87 38 724.656 474.363 89 26 697.33 440.143 91 42 607.465 419.485 92 51 567.245 441.013 93 68 550.908 436.85 90 374 650.192 421.784 94 74 527.255 440.13 95 82 506.727 449.88 96 97 486.239 466.108 97 103 475.654 504.683 98 405 469.821 543.729 101 117 452.354 598.994 99 95 477.929 572.859 102 358 415.365 614.761 100 120 473.858 590.69 198 68 324.17 556.52 199 72 310.761 571.578 
8 359 327 260.432 561.314 362 343 270.476 542.244 364 291 284.458 543.878 363 316 264.023 532.06 365 291 278.609 591.622 366 261 285.739 623.171 367 252 306.169 607.644 519 238 362.668 711.262 
3 64 664 838.555 569.552 156 487 834.738 646.932 157 468 833.834 625.88 
5 146 81 527.852 668.283 251 75 479.572 677.708 252 103 528.155 668.43 253 106 523.662 681.195 254 103 523.015 678.646 
5 125 338 473.395 577.602 126 355 497.593 590.211 236 186 420.478 595.28 237 54 429.593 603.969 235 43 417.793 584.834 
3 60 195 685.449 725.912 61 186 651.587 705.875 62 175 634.766 679.033 
5 72 227 774.487 674.252 81 178 612.239 611.365 83 120 568.716 630.754 85 86 509.399 634.114 87 106 463.816 602.204 
26 22 270 364.731 408.258 23 396 357.848 497.271 112 262 356.895 418.123 116 275 393.63 540.902 24 483 359.062 562.945 25 519 385.079 599.562 113 254 364.404 440.528 117 309 408.263 595.575 26 531 410.887 631.921 27 508 444.642 662.589 28 520 488.722 683.129 29 487 542.664 716.268 31 498 661.153 736.292 32 508 681.633 728.15 33 449 704.512 731.819 118 297 427.812 632.654 119 146 449.044 641.934 120 281 472.467 658.425 34 442 744.251 736.302 121 300 495.17 682.363 122 303 510.026 699.84 124 263 542.846 759.272 127 313 638.883 810.837 239 98 544.463 764.711 236 98 480.87 748.956 243 117 632.869 770.963 
3 436 484 634.585 896.069 437 477 572.689 914.056 438 421 532.123 915.984 
3 291 52 375.39 539.666 292 57 376.504 539.607 293 57 369.183 541.691 
3 91 213 558.281 654.26 96 509 401.662 717.932 95 445 426.665 700.57 
3 516 332 315.027 582.255 521 457 496.463 482.956 527 421 598.882 480.52 
12 366 237 357.493 401.964 367 223 382.328 377.364 520 216 465.612 523.296 522 114 504.009 539.729 519 116 415.322 553.428 521 139 483.788 540.313 524 148 569.891 546.937 527 144 578.783 538.307 528 191 626.268 531.146 529 203 645.465 509.936 534 165 684.084 610.514 543 198 697.624 568.994 
7 484 178 510.404 345.577 485 137 579.052 372.769 486 153 633.218 417.131 487 195 650.063 443.466 488 93 638.289 438.248 490 206 660.585 380.541 489 195 636.414 416.138 
9 519 273 480.399 379.87 520 287 552.613 327.244 521 315 578.025 340.563 522 282 601.998 343.974 524 319 677.433 362.528 523 383 658.773 353.235 525 321 653.755 389.019 526 314 687.569 361.933 527 334 690.123 357.521 
3 402 285 629.826 741.924 403 208 621.755 710.464 404 286 663.351 703.922 
3 517 406 628.298 565.963 519 368 702.166 503.197 518 381 646.784 547.504 
5 399 294 234.518 620.483 407 265 227.831 570.096 408 252 226.626 606.406 413 43 226.916 548.41 414 267 235.893 577.352 
4 524 122 307.375 401.358 527 123 324.541 385.329 526 114 323.755 393.371 544 165 417.488 427.277 
10 356 168 380.94 630.684 358 175 417.561 684.216 359 48 458.487 683.871 360 160 496.042 677.12 364 121 500.529 685.265 519 168 545.699 830.836 361 145 496.773 680.187 362 147 477.674 676.326 373 280 611.313 650.729 518 170 503.531 860.671 
3 361 49 270.804 714.377 369 125 317.293 747.042 368 133 301.28 771.599 
6 502 66 506.191 602.132 507 113 446.71 624.995 506 81 451.65 553.065 508 32 418.73 636.751 510 29 452.201 556.94 511 22 444.88 571.715 
3 486 95 356.24 534.818 490 33 384.904 497.189 491 27 396.734 468.95 
4 225 132 478.145 318.768 228 245 575.503 376.539 236 145 751.337 433.015 341 266 432.229 480.368 
3 478 252 451.932 874.711 480 304 493.704 878.221 479 253 477.42 870.264 
3 524 120 302.629 365.515 527 7 320.03 349.527 526 111 318.16 356.743 
5 360 221 312.762 504.188 369 337 374.572 489.92 372 339 388.418 429.314 521 270 438.588 657.794 520 240 421.405 642.989 
8 37 437 529.634 865.408 39 442 600.69 852.06 38 370 570.154 857.203 40 367 633.57 838.989 41 334 675.507 810.629 42 386 719.001 792.701 43 314 742.856 771.672 44 312 752.968 739.126 
8 71 479 562.554 797.985 75 503 412.421 733.855 76 488 397.994 734.818 77 467 372.64 724.782 78 485 352.641 710.658 79 486 334.726 714.559 80 562 314.85 704.881 81 578 295.418 700.962 
3 516 117 677.117 602.864 517 140 700.243 593.953 519 114 774.832 531.564 
4 477 200 712.115 444.857 478 212 754.453 444.515 481 258 810.104 496.654 482 244 816.251 526.171 
3 524 120 302.629 365.515 527 7 320.03 349.527 526 111 318.16 356.743 
6 446 308 491.57 828.439 447 337 483.483 878.188 448 289 466.16 858.546 449 296 456.744 789.377 451 252 378.122 766.523 457 309 468.734 822.463 
3 18 57 732.407 501.55 19 186 751.097 529.445 20 192 739.34 581.393 
3 434 410 351.689 575.506 435 415 316.361 579.622 436 383 282.546 586.498 
4 434 245 379.098 643.29 435 266 338.101 647.128 436 242 301.958 651.298 437 264 263.741 666.039 
9 338 422 639.706 399.753 347 405 729.932 582.168 340 407 639.793 467.477 344 355 690.157 577.238 348 428 759.067 627.248 349 416 767.798 650.761 350 400 776.706 676.015 341 405 648.651 514.318 345 398 690.586 573.069 
15 342 86 490.953 332.678 343 216 512.49 360.86 344 85 510.967 382.987 345 116 514.658 379.841 348 130 588.044 440.921 349 145 600.133 466.908 350 145 613.537 497.267 351 19 635.867 529.59 352 27 666.569 539.828 354 31 712.331 568.22 355 23 726.264 573.311 491 58 689.318 714.528 481 68 459.509 672.782 482 69 472.762 693.275 483 73 493.217 693.043 
4 135 76 354.177 672.797 136 95 361.559 688.239 137 93 372.639 682.93 245 48 321.988 633.296 
5 171 460 572.029 302.419 172 472 559.039 300.316 173 494 544.519 298.448 174 506 527.41 293.797 175 517 501.79 293.885 
23 81 367 704.409 396.602 83 289 674.093 407.672 84 254 662.961 400.802 85 216 635.124 402.652 86 222 605.042 398.971 88 263 603.043 352.357 89 290 578.426 347.516 90 350 541.576 333.481 91 4 507.138 333.289 92 12 469.065 351.889 93 18 454.654 347.339 94 17 433.261 350.508 95 21 415.547 357.702 96 32 395.653 374.072 98 48 378.429 441.311 99 45 382.608 465.237 102 67 325.012 499.265 100 70 378.5 479.889 101 67 357.964 487.188 103 99 297.335 529.891 104 93 284.59 555.373 105 126 270.492 587.767 106 120 257.176 621.206 
3 520 411 275.723 718.121 521 435 290.716 730.399 522 391 311.046 726.558 
3 392 474 449.497 463.358 393 425 456.998 407.196 394 373 463.712 363.232 
4 399 377 243.589 405.339 408 390 249.764 403.357 415 414 255.163 398.365 414 394 268.028 381.239 
4 399 377 243.589 405.339 408 390 249.764 403.357 415 414 255.163 398.365 414 394 268.028 381.239 
3 392 450 212.501 616.024 393 359 216.405 534.665 394 339 236.497 466.479 
4 523 414 297.189 806.814 529 391 308.41 812.723 524 456 319.947 820.907 525 422 311.93 820.034 
3 524 120 302.629 365.515 527 7 320.03 349.527 526 111 318.16 356.743 
4 380 29 247.452 511.889 381 146 288.33 466.042 382 177 298.864 423.995 383 249 326.909 376.99 
4 477 147 723.511 676.98 478 160 761.762 679.046 480 282 806.93 683.389 479 152 794.191 671.057 
3 400 166 501.388 648.063 407 66 490.369 639.376 406 83 517.284 603.683 
5 435 215 763.658 504.17 436 294 705.806 514.867 437 237 662.692 540.056 438 186 631.084 543.649 439 198 609.543 558.385 
4 378 138 303.826 478.641 379 135 305.827 450.663 380 114 331.32 396.434 381 125 372.407 351.922 
6 520 429 530.588 274.001 521 479 553.649 279.627 523 420 640.794 294.574 524 436 660.803 303.55 526 423 672.928 306.463 527 405 677.149 307.499 
3 524 476 254.661 711.972 525 458 248.012 716.461 543 382 301.386 763.791 
10 454 389 695.182 598.674 456 396 686.187 574.634 460 356 612.723 622.974 455 388 698.277 607.952 465 282 626.732 624.17 459 395 622.775 570.129 461 382 633.325 647.183 462 372 642.25 673.724 468 347 661.546 679.894 469 373 691.374 701.175 
4 283 58 480.07 602.254 408 22 637.892 488.134 284 44 453.982 597.315 414 16 646.74 477.286 
4 181 229 579.313 863.924 286 122 641.335 774.206 287 110 622.519 768.594 288 224 589.507 697.557 
8 484 89 553.977 390.353 485 145 622.727 418.614 486 77 676.227 462.024 487 106 692.358 485.668 488 98 680.07 479.311 490 116 701.812 424.612 491 200 727.196 390.953 489 105 678.159 459.772 
3 43 99 692.608 580.604 44 92 701.094 552.891 45 100 715.365 521.628 
32 229 389 491.423 322.611 230 378 511.237 333.924 233 365 565.502 308.434 238 333 655.834 363.495 346 328 415.433 401.016 347 333 434.821 433.454 231 393 529.632 340.631 232 382 535.163 323.839 343 358 377.167 397.196 344 344 377.158 418.13 354 356 591.445 588.014 355 359 609.121 592.806 348 345 447.249 473.743 349 341 462.696 496.481 234 366 603.678 306.973 357 386 638.018 634.228 363 340 759.438 641.188 358 275 664.318 654.887 359 345 709.805 656.036 360 373 754.626 648.674 361 350 766.002 651.074 362 367 752.019 647.001 364 310 793.686 657.706 487 320 559.669 820.533 488 302 551.351 811.707 490 318 565.23 772.305 492 302 620.536 751.982 494 339 650.636 753.047 496 319 661.135 735.81 499 269 697.907 803 489 309 550.269 795.866 486 285 545.353 803.641 
4 77 130 320.327 600.382 78 131 304.302 587.375 79 144 286.719 588.105 81 117 250.888 570.365 
3 526 143 368.855 596.544 527 42 368.056 591.208 529 127 368.947 564.897 
3 487 363 514.495 605.187 489 352 504.303 578.006 488 351 507.413 596.274 
3 298 416 746.132 770.505 299 381 692.231 736.82 300 391 672.333 773.71 
7 299 154 738.232 686.398 300 170 724.627 718.207 301 182 714.41 769.158 302 271 735.211 810.912 304 294 639.338 854.474 305 110 585.542 839.821 306 194 550.699 894.19 
3 477 186 576.425 324.635 478 191 621.081 325.394 483 139 711.61 424.47 
4 399 372 481.702 903.733 409 405 403.996 881.411 408 382 403.555 884.366 412 412 325.345 830.476 
5 273 431 286.353 704.156 392 298 361.771 583.325 393 273 365.049 517.114 394 244 374.418 461.163 396 96 362.928 352.202 
3 516 93 543.091 362.68 518 179 594.578 330.676 517 3 583.119 336.59 
5 402 204 621.719 702.905 403 204 616.808 676.111 417 192 567.422 752.894 406 229 690.775 714.318 404 192 660.038 683.324 
8 401 290 740.368 728.727 404 279 725.26 679.334 405 220 778.203 689.229 406 232 763.82 724.895 407 297 750.731 767.38 412 335 702.616 804.151 413 287 742.297 793.63 402 205 698.867 713.817 
6 280 102 731.693 802.793 283 134 654.431 800.314 287 126 515.111 811.964 406 215 676.415 650.534 410 227 640.668 733.21 400 182 688.174 673.213 
4 289 346 615.986 806.07 290 396 541.087 793.931 292 396 506.82 804.9 293 365 498.729 820.722 
5 462 121 569.777 357.435 463 211 540.265 382.836 467 211 522.039 377.236 469 99 561.911 415.019 470 100 563.626 488.886 
4 399 372 481.702 903.733 409 405 403.996 881.411 408 382 403.555 884.366 412 412 325.345 830.476 
11 263 456 285.278 553.368 264 451 301.167 523.55 265 435 318.523 468.798 266 356 333.359 409.042 383 374 340.019 563.056 384 370 387.451 502.047 385 381 420.838 460.119 387 364 463.767 377.687 389 386 464.477 333.017 386 407 453.318 405.367 388 445 453.155 361.913 
3 76 691 727.181 365.965 80 664 686.499 335.974 81 684 678.688 329.995 
5 98 44 703.207 427.518 99 43 717.839 452.888 101 63 696.804 476.309 100 67 717.713 468.882 102 321 665.276 489.829 
3 528 263 266.828 452.243 534 265 268.683 504.388 543 316 277.555 507.984 
21 160 319 321.313 727.446 161 344 315.775 683.961 162 320 314.765 652.062 163 328 309.759 642.637 164 320 297.688 639.875 166 186 281.857 567.651 266 175 366.123 650.457 267 205 368.805 605.506 386 53 419.651 620.438 387 54 431.052 593.904 388 57 416.215 576.146 268 55 368.459 569.886 269 51 359.695 545.57 270 54 347.427 524.672 271 48 352.001 496.073 272 40 354.983 470.766 273 37 338.561 450.706 390 31 451.013 509.872 389 50 428.735 550.095 391 12 462.365 439.982 392 9 480.09 370.171 
3 392 450 212.501 616.024 393 359 216.405 534.665 394 339 236.497 466.479 
5 436 379 775.7 537.732 437 339 720.123 564.689 438 276 687.238 567.175 439 273 666.345 584.607 440 281 650.287 625.991 
6 270 171 252.491 539.199 271 182 256.22 507.513 272 169 263.657 481.151 388 185 324.082 575.846 391 130 376.955 427.023 389 204 336.233 546.349 
4 386 311 235.441 560.207 390 129 271.811 425.917 388 160 229.959 508.804 389 180 243.742 475.513 
8 266 156 278.908 531.125 268 145 288.177 456.035 385 178 342.333 560.524 386 166 375.075 501.199 387 153 386.844 472.283 388 155 371.695 453.096 389 169 384.855 424.903 391 107 422.282 317.986 
4 407 155 526.25 569.113 411 170 477.284 607.963 413 141 523.643 570.834 416 154 492.315 605.372 
3 410 386 395.49 593.673 415 283 428.16 567.74 414 264 446.973 553.74 
10 350 118 460.08 350.809 351 241 489.639 391.275 353 287 559.141 420.719 354 232 583.497 446.02 484 32 390.54 614.365 491 229 530.919 626.594 365 200 803.246 562.834 487 235 509.671 699.641 494 257 596.287 593.541 519 136 785.007 679.544 
3 480 36 399.175 561.701 482 168 430.741 618.412 481 55 416.275 594.79 
3 486 63 470.869 310.5 487 193 489.663 362.641 489 5 476.819 316.41 
3 129 329 520.755 350.748 130 313 528.025 357.409 132 311 600.773 332.048 
3 478 224 365.196 543.044 479 219 391.887 537.971 480 341 416.191 555.796 
10 123 529 649.804 338.189 124 509 669.184 370.531 125 503 693.919 381.212 126 507 725.847 392.835 129 520 780.768 464.025 130 503 786.239 469.415 128 510 784.438 443.521 127 509 770.782 416.564 244 394 791.611 465.677 243 389 770.052 459.229 
5 442 353 660.948 432.699 443 261 618.654 454.87 445 158 589.703 477.509 457 39 437.99 541.449 458 174 445.745 542.645 
13 352 117 619.579 338.777 356 9 718.65 421.451 358 16 736.851 490.499 485 26 508.912 577.863 494 80 681.386 504.953 498 107 669.24 558.19 492 105 645.941 536.425 497 88 673.53 534.061 486 30 553.884 614.266 499 9 740.678 562.09 510 127 796.095 601.62 511 180 780.484 620.433 482 35 370.273 541.118 
4 477 141 473.266 656.659 482 187 572.537 713.993 485 108 699.992 745.601 489 235 747.577 777.502 
3 349 406 803.372 458.806 350 431 813.267 492.397 351 412 830.505 527.034 
4 477 98 600.647 325.259 481 19 706.137 387.478 482 19 713.695 420.465 483 21 733.904 426.059 
3 482 227 594.812 374.487 483 243 620.598 380.467 484 91 682.391 391.11 
4 477 26 516.308 495.338 478 26 552.512 495.129 483 159 642.674 566.835 479 108 583.032 485.636 
6 486 155 362.59 457.206 488 183 376.049 473.943 489 198 375.082 451.306 490 209 394.927 414.861 491 196 408.18 383.361 498 149 463.007 365.022 
9 269 77 257.359 689.448 270 80 241.772 664.027 271 80 246.241 628.044 272 69 252.532 593.205 387 205 303.553 716.338 391 31 339.339 527.371 392 26 355.39 446.516 273 67 234.825 563.989 393 23 360.254 382.789 
4 391 39 362.241 555.808 392 31 378.649 477.404 393 28 383.388 414.93 394 11 392.601 366.391 
4 290 393 632.08 783.046 291 380 592.878 786.004 292 393 600.028 792.644 293 363 595.983 808.81 
4 399 372 481.702 903.733 409 405 403.996 881.411 408 382 403.555 884.366 412 412 325.345 830.476 
4 399 382 198.232 666.497 407 395 195.24 606.525 414 399 198.52 616.687 408 411 191.569 634.475 
3 400 199 421.397 742.408 407 88 409.104 720.298 413 72 387.41 727.874 
4 42 305 573.824 739.976 43 306 600.281 718.543 46 106 651.195 612.827 45 143 630.48 649.827 
5 407 406 238.71 501.619 413 380 243.772 480.927 415 433 235.593 519.915 408 419 232.562 536.669 414 419 237.996 517.066 
4 291 182 360.412 610.386 292 192 360.532 612.535 293 178 354.378 617.488 295 312 347.913 652.635 
4 400 364 595.359 907.914 412 415 466.872 904.32 414 391 538.754 912.524 416 410 459.362 900.812 
7 275 415 307.511 693.05 276 444 296.141 656.179 277 387 275.638 604.167 390 417 397.121 819.15 395 235 423.288 466.463 396 203 420.569 420.496 394 256 435.931 528.286 
25 199 411 655.566 344.092 200 439 642.897 347.043 201 441 646.306 352.62 202 446 643.668 372.333 203 449 634.972 406.453 204 431 626.822 444.085 205 442 584.653 463.845 207 440 558.177 485.921 211 489 545.43 549.431 212 490 556.168 553.975 208 431 541.271 507.376 209 455 508.384 536.05 210 442 520.545 546.101 213 511 532.479 566.476 215 493 499.413 610.566 214 476 500.441 585.017 216 430 488.946 646.418 217 458 485.726 664.747 321 342 441.376 391.137 322 353 423.088 453.039 323 379 384.673 482.633 222 473 559.53 800.466 332 416 361.716 761.888 221 483 567.408 764.288 333 401 384.6 803.713 
3 524 476 254.661 711.972 525 458 248.012 716.461 543 382 301.386 763.791 
3 516 233 489.781 378.127 517 289 517.031 371.366 518 257 539.524 346.64 
5 484 90 553.977 390.353 485 146 622.727 418.614 486 78 676.227 462.024 488 99 680.07 479.311 491 201 727.196 390.953 
9 298 405 757.997 637.234 299 373 713.635 605.413 300 377 697.611 629.683 301 393 686.679 665.895 302 393 704.493 695.805 304 401 623.976 735.117 305 372 578.292 721.7 306 399 547.763 764.683 303 383 672.138 742.597 
5 399 23 558.601 452.148 409 22 557.428 456.486 410 39 520.554 470.094 414 11 571.133 439.553 415 19 555.213 453.123 
4 477 325 710.386 631.668 478 330 749.686 631.881 480 386 794.877 636.117 479 330 782.255 623.717 
3 341 243 703.615 345.757 346 244 776.5 411.259 343 224 758.511 402.743 
3 341 236 719.995 327.845 342 230 752.705 353.081 343 356 781.547 389.201 
12 69 208 721.927 684.845 73 145 586.569 594.998 75 127 554.858 582.15 70 189 715.703 637.181 76 127 541.997 582.728 84 64 408.478 563.918 85 250 373.49 568.034 86 261 334.857 566.269 87 304 329.098 537.659 88 300 337.324 503.952 89 322 310.655 497.147 90 70 277.476 472.25 
3 86 450 376.221 596.359 88 316 375.437 531.505 89 336 346.787 524.044 
3 481 235 676 367.294 482 235 685.293 402.071 483 250 707.852 408.26 
5 83 479 670.488 844.566 84 418 647.854 848.68 85 376 602.289 858.119 86 381 554.943 858.95 87 451 548.206 822.18 
4 209 212 422.812 766.397 210 208 431.708 788.427 211 106 455.43 809.294 212 102 464.911 823.892 
3 312 254 792.976 651.626 314 264 747.361 683.924 316 197 591.641 717.884 
5 477 109 442.726 445.661 478 120 482.118 448.592 482 33 557.996 524.961 483 36 580.123 528.068 479 13 516.023 441.543 
3 445 328 522.168 280.887 449 300 425.191 302.279 452 299 379.081 323.615 
4 434 428 555.761 784.042 435 432 497.922 783.666 436 403 446.252 785.824 438 361 371.918 804.955 
7 340 338 552.634 357.28 351 264 714.604 608.423 475 258 395.237 583.485 352 260 744.259 618.326 353 238 767.236 625.249 357 176 812.538 680.704 354 271 786.56 644.115 
3 434 461 362.76 693.891 435 425 319.38 696.519 436 390 279.904 699.157 
3 402 285 629.826 741.924 403 208 621.755 710.464 404 286 663.351 703.922 
3 385 279 249.783 476.981 386 279 286.123 412.444 387 246 300.913 382.424 
3 402 285 629.826 741.924 403 208 621.755 710.464 404 286 663.351 703.922 
3 68 187 258.284 672.335 69 137 257.416 612.906 70 121 241.378 551.826 
6 275 356 501.31 861.435 276 461 492.929 829.77 393 325 564.673 813.085 392 237 552.64 868.52 394 312 562.974 744.828 395 174 542.201 670.737 
7 436 381 432.818 556.709 438 337 375.911 574.419 439 328 355.65 586.495 440 328 324.322 616.004 441 335 291.935 646.048 442 373 288.93 667.844 445 305 290.459 672.058 
5 56 491 743.479 836.015 59 592 804.294 765.149 152 445 696.248 868.36 57 575 767.922 812.928 259 424 659.698 891.274 
4 73 306 514.054 759.478 76 289 464.745 738.977 74 312 480.963 745.272 75 300 478.703 737.78 
5 48 60 386.453 452.457 49 212 401.875 432.515 50 61 405.801 442.105 51 54 414.965 440.396 52 55 408.549 425.802 
4 380 29 247.452 511.889 381 146 288.33 466.042 382 177 298.864 423.995 383 249 326.909 376.99 
11 224 1 416.18 340.079 339 9 370.599 429.698 225 4 431.64 352.023 226 4 458.138 360.958 233 15 637.856 433.305 239 21 764.802 486.382 240 19 772.825 492.979 337 3 366.288 372.918 338 8 370.502 397.363 351 68 542.289 670.731 347 37 471.899 567.35 
3 28 283 669.9 375.359 29 281 726.224 404.681 122 53 643.489 480.999 
5 399 294 234.518 620.483 407 265 227.831 570.096 408 252 226.626 606.406 413 43 226.916 548.41 414 267 235.893 577.352 
3 157 267 303.851 705.123 158 253 308.427 674.513 265 184 348.878 641.438 
3 457 348 784.245 665.991 459 268 716.893 693.851 460 275 713.184 760.683 
5 290 23 359.629 423.391 292 136 337.656 419.596 293 122 331.783 417.758 294 118 314.063 414.502 423 5 514.475 327.388 
4 462 158 499.037 636.803 463 46 481.666 667.122 464 46 428.989 661.545 469 149 541.503 689.947 
6 449 75 556.258 565.084 450 54 511.42 528.66 452 73 528.004 582.881 457 57 501.309 592.092 453 101 533.788 610.894 456 90 499.663 629.053 
18 330 376 575.794 348.383 331 410 577.231 373.134 332 401 667.008 395.307 333 394 690.19 443.761 334 393 678.804 488.916 335 391 651.795 541.827 336 396 658.564 573.017 337 423 665.782 599.05 338 435 662.9 623.058 339 484 663.522 649.815 340 449 658.207 682.767 341 447 665.755 720.092 345 415 706.969 768.977 346 409 731.572 750.426 343 406 714.374 767.686 342 437 693.491 744.531 344 398 708.657 782.748 475 366 545.058 822.184 
3 479 393 800.978 490.585 480 454 810.287 509.006 482 433 826.801 576.686 
18 399 316 633.742 752.14 400 348 582.774 714.685 401 352 534.453 673.478 405 303 597.634 627.606 406 309 579.67 662.653 407 351 555.842 705.429 408 345 583.24 750.526 409 353 575.917 759.529 410 408 524.288 768.439 412 382 505.705 728.716 413 342 542.883 718.08 414 363 570.165 730.034 415 373 544.399 739.873 416 368 500.784 750.944 402 315 504.085 654.296 417 336 462.245 689.235 404 341 542.984 619.522 403 329 504.653 627.227 
5 477 314 679.931 411.417 478 319 722.579 412.558 482 351 787.381 495.354 481 369 778.882 463.846 483 358 804.761 497.494 
8 460 293 582.213 318.569 461 362 599.39 331.86 462 350 592.191 345.415 463 334 563.22 368.712 467 332 545.217 361.788 468 311 555.448 377.268 469 345 582.895 403.697 470 330 585.097 479.984 
7 477 259 628.001 407.51 478 267 668.563 407.592 481 305 726.794 460.059 482 304 734.202 490.408 483 316 756.067 495.101 479 267 702.075 396.503 480 320 716.105 416.512 
48 352 389 493.455 325.442 353 353 527.472 340.407 354 413 557.376 369.968 355 408 576.689 383.828 356 462 609.557 405.904 357 422 606.116 450.552 358 416 632.921 477.058 359 308 683.978 474.782 361 401 740.776 457.092 363 386 731.228 433.789 487 291 467.008 645.154 489 328 456.214 619.662 491 349 488.928 566.601 492 329 528.766 546.755 493 328 550.391 539.477 495 298 555.638 494.806 496 293 565.963 503.065 497 308 549.118 541.529 499 237 603.778 568.641 360 418 730.537 462.817 362 424 725.433 446.576 485 299 401.429 588.005 486 314 448.019 626.063 488 329 457.947 637.291 498 316 544.59 565.215 510 348 658.741 597.667 506 301 687.942 593.802 518 290 695.734 659.853 519 373 748.438 622.805 500 315 709.569 602.833 517 377 681.889 680.601 365 359 779.738 488.512 502 315 749.059 633.378 364 362 768.583 443.73 366 335 808.508 517.566 504 341 801.895 499.236 503 271 776.488 560.27 483 362 289.951 558.063 484 214 345.739 561.389 490 335 474.146 590.387 509 291 630.225 633.705 511 319 643.206 616.149 512 268 613.388 683.457 505 322 726.12 518.248 501 264 731.185 652.108 507 283 674.93 662.8 515 312 593.504 738.308 516 272 660.703 689.515 
4 227 328 725.411 589.94 336 275 516.136 636.352 337 285 526.177 657.608 335 252 507.139 609.801 
4 380 29 247.452 511.889 381 146 288.33 466.042 382 177 298.864 423.995 383 249 326.909 376.99 
4 399 382 198.232 666.497 407 395 195.24 606.525 414 399 198.52 616.687 408 411 191.569 634.475 
7 341 256 750.611 434.94 342 332 784.788 461.373 344 233 797.41 512.011 345 257 792.779 505.535 475 169 540.191 582.424 343 312 807.01 489.328 346 259 819.446 490.094 
28 216 110 423.019 331.268 218 114 425.626 358.465 219 175 467.087 376.333 220 165 491.996 412.748 221 132 489.914 447.875 222 122 484.168 486.694 224 178 511.325 547.369 223 150 494.753 514.449 225 192 525.065 566.748 226 204 551.003 574.937 229 223 654.856 665.256 231 234 694.73 675.892 233 216 729.856 645.662 331 97 313.78 421.645 230 215 674.369 672.42 232 238 699.858 661.425 234 229 769.039 648.033 235 196 788.784 667.443 236 204 789.509 678.386 237 198 795.514 687.375 345 89 462.123 763.067 350 101 547.734 842.437 351 116 567.947 861.02 353 95 617.394 863.832 354 115 638.23 872.169 355 101 652.716 868.452 352 107 594.845 864.473 356 109 679.351 860.399 
3 462 174 834.417 701.537 463 176 821.548 732.78 465 104 848.649 621.342 
4 524 118 412.677 338.536 525 11 398.821 366.819 543 173 506.176 310.445 527 4 428.957 328.924 
3 524 476 254.661 711.972 525 458 248.012 716.461 543 382 301.386 763.791 
5 523 205 458.667 333.38 525 114 465.836 371.687 527 121 497.709 334.843 543 175 597.111 313.672 534 149 620.266 341.527 
3 434 461 362.76 693.891 435 425 319.38 696.519 436 390 279.904 699.157 
6 446 308 491.57 828.439 447 337 483.483 878.188 448 289 466.16 858.546 449 296 456.744 789.377 451 252 378.122 766.523 457 309 468.734 822.463 
7 406 426 523.11 360.373 407 402 500.952 378.913 409 419 523.125 387.683 411 444 467.073 403.197 413 395 511.753 369.265 414 418 538.768 372.133 415 442 523.616 385.266 
3 438 298 650.166 775.156 439 348 629.16 801.313 440 344 606.416 869.748 
3 304 149 764.531 519.932 305 140 726.554 508.486 306 156 706.928 537.21 
3 434 274 512.144 860.705 435 298 449.901 860.076 436 263 395.069 860.088 
3 454 358 661.782 766.78 460 199 621.899 762.806 455 348 668.893 776.239 
3 400 199 421.397 742.408 407 88 409.104 720.298 413 72 387.41 727.874 
3 479 393 800.978 490.585 480 454 810.287 509.006 482 433 826.801 576.686 
3 447 429 711.443 673.227 454 377 606.62 629.988 460 317 553.373 664.18 
4 437 406 569.432 741.748 438 353 537.332 744.497 439 340 513.46 764.32 440 341 485.285 822.407 
4 463 286 711.392 345.311 464 253 645.997 317.988 468 259 695.242 336.718 469 203 723.731 365.496 
15 446 276 501.2 598.012 448 257 465.107 611.624 453 291 431.166 612.724 454 274 396.86 637.964 455 272 390.606 657.489 456 286 399.65 644.098 465 253 351.992 774.453 447 297 480.433 630.638 461 287 386.9 742.34 462 294 387.756 773.554 468 249 418.173 829.31 460 264 378.339 712.476 466 281 408.787 783.082 469 325 456.473 847.103 463 270 371.629 810.625 
4 477 200 712.115 444.857 478 212 754.453 444.515 481 258 810.104 496.654 482 244 816.251 526.171 
4 477 200 712.115 444.857 478 212 754.453 444.515 481 258 810.104 496.654 482 244 816.251 526.171 
3 445 343 521.172 401.939 457 330 356.427 490.326 458 339 363.143 496.424 
19 73 578 723.253 805.952 74 623 685.655 790.264 75 512 680.245 782.243 76 585 665.787 783.093 77 563 641.066 773.167 78 590 623.728 759.284 79 606 610.072 762.37 80 566 599.281 753.856 81 583 584.715 750.427 82 577 559.121 761.937 169 103 626.936 758.769 168 218 688.69 780.736 170 93 595.114 724.112 271 114 771.114 770.424 273 101 740.208 717.412 171 87 582.575 697.802 173 85 542.813 702.157 172 82 563.577 695.743 276 80 663.704 653.916 
7 90 609 720.279 710.432 91 514 658.608 696.176 92 608 601.119 729.96 93 611 575.797 725.161 94 575 540.638 729.875 95 584 513.637 745.911 96 650 486.43 766.799 
3 306 183 782.812 768.753 307 160 719.763 817.97 308 162 660.343 844.402 
5 291 69 468.972 607.843 292 79 472.463 610.307 293 74 466.472 615.637 294 173 446.072 620.276 295 198 468.247 653.09 
12 438 75 500.896 599.92 439 97 481.038 611.709 440 83 455.929 649.013 441 189 428.676 684.309 442 107 427.564 709.228 443 235 396.886 713.03 444 112 395.878 687.932 445 101 402.19 701.573 446 112 366.936 763.285 447 245 355.047 811.266 449 210 328.328 738.08 450 111 304.826 701.541 
6 492 27 284.602 469.042 493 11 291.381 453.467 510 20 405.901 499.491 511 16 401.491 515.317 508 25 368.677 579.881 509 17 368.888 536.461 
6 461 251 716.937 509.387 462 260 720.379 528.202 463 229 701.1 552.129 469 231 742.893 549.783 464 193 641.934 533.092 470 348 727.539 610.222 
3 67 323 594.944 841.962 68 329 601.488 793.986 69 258 614.532 746.237 
5 384 146 350.126 477.224 385 30 383.869 433.364 386 15 417.968 376.209 387 10 428.833 348.734 388 131 414.919 328.039 
3 524 114 546.111 279.716 526 103 557.904 277.035 527 0 561.417 270.869 
4 100 202 737.824 716.061 101 183 712.925 727.218 103 236 644.767 797.26 104 247 632.456 838.03 
38 90 408 791.454 547.633 91 143 736.454 540.968 92 166 688.993 568.138 93 176 669.877 563.523 96 478 591.393 598.384 178 75 687.317 592.972 94 191 640.398 568.233 97 506 578.625 646.736 95 186 617.221 580.708 98 462 574.408 697.653 101 402 557.751 775.584 99 431 587.236 739.4 102 530 514.053 794.278 100 407 583.961 763.894 188 76 489.641 589.432 189 69 479.476 592.997 186 64 528.335 571.252 190 78 462.481 592.668 191 79 459.726 596.077 192 205 449.636 621.597 193 99 415.002 650.01 194 218 394.305 652.067 295 147 596.416 440.06 296 146 593.623 475.604 297 155 558.587 473.086 299 96 470.57 391.743 300 102 450.289 399.802 301 135 430.414 413.335 303 139 410.727 454.742 195 206 380.89 644.464 197 315 381.414 646.863 302 143 434.517 424.582 304 139 383.775 454.824 306 221 322.127 464.741 196 295 367.023 636.976 198 305 384.374 676.58 199 320 368.13 694.371 305 131 352.129 444.087 
4 527 370 655.964 592.662 534 228 768.8 684.451 543 331 790.621 638.138 544 258 783.764 638.348 
3 434 362 482.028 799.326 435 378 426.777 799.66 436 334 376.931 802.157 
9 273 386 540.899 881.474 274 397 487.005 838.365 391 378 512.66 886.729 392 355 531.685 813.647 275 221 455.193 815.526 393 209 532.992 751.526 394 188 534.603 686.078 282 210 280.869 629.048 281 176 305.93 630.443 
5 283 259 319.387 712.93 409 130 458.041 514.655 399 110 470.717 513.148 410 163 416.516 531.523 415 152 451.635 509.04 
5 335 393 849.922 548.522 336 374 856.109 582.505 337 394 857.056 610.434 339 453 848.002 668.184 340 421 838.795 703.526 
4 449 73 734.096 563.169 450 48 674.205 515.029 451 62 624.366 531.384 452 68 705.408 569.26 
9 105 58 676.424 474.423 106 65 669.275 508.799 107 80 662.698 540.442 108 88 669.874 570.477 109 104 672.816 599.588 110 138 692.508 650.395 111 157 716.652 692.099 113 163 727.66 746.036 112 165 722.325 723.022 
3 524 117 492.957 298.668 526 107 504.897 295.632 527 120 507.686 288.642 
3 120 436 767.888 600.951 121 449 791.797 623.449 122 456 806.864 641.537 
16 222 485 673.805 388.499 223 496 681.463 421.872 225 555 709.143 479.641 332 430 583.638 401.339 333 410 606.234 446.787 226 562 740.553 487.342 335 416 575.142 536.592 344 396 642.617 764.221 345 447 643.249 752.677 346 439 666.527 735.297 330 397 497.224 357.799 334 417 593.582 489.375 340 469 590.32 667.974 342 459 626.701 727.388 347 453 684.783 766.563 475 396 489.793 821.474 
3 323 4 356.904 344.836 325 12 306.109 396.089 326 16 278.917 429.25 
3 215 321 642.037 714.729 216 277 633.256 756.216 323 214 478.543 623.255 
4 484 4 464.006 352.282 487 101 597.676 448.604 488 94 585.164 442.462 490 207 610.213 382.462 
29 193 187 777.13 509.001 194 204 753.464 513.555 195 188 736.321 508.863 196 178 724.197 501.235 197 201 754.118 507.169 198 210 767.175 536.159 199 202 746.628 557.502 200 238 726.899 562.409 201 232 726.924 570.671 202 219 723.523 595.11 203 235 712.571 640.168 204 209 698.941 688.502 205 211 645.397 707.149 206 196 619.325 708.754 207 214 612.456 726.431 306 140 758.936 410.74 307 136 715.311 440.796 208 208 591.465 750.055 309 126 674.383 456.66 308 130 674.753 460.681 310 116 651.895 459.703 311 87 617.558 470.209 209 216 552.377 785.518 211 342 605.58 835.842 210 214 568.925 810.593 312 116 597.871 493.706 212 337 621.793 851.095 322 209 367.559 775.435 213 358 594.556 873.674 
5 436 275 664.351 362.541 437 309 626.964 384.072 438 250 603.294 387.259 439 251 584.481 398.129 440 240 566.425 418.818 
3 321 112 542.779 689.375 323 314 465.493 795.58 324 329 422.823 818.095 
3 444 255 652.141 754.467 445 116 643.067 765.987 458 131 576.752 767.054 
3 524 114 546.111 279.716 526 103 557.904 277.035 527 0 561.417 270.869 
3 449 352 587.068 836.911 450 285 576.121 772.414 458 317 642.481 794.328 
3 399 360 341.735 495.912 409 396 332.434 496.702 415 395 334.951 489.462 
3 399 282 233.161 470.367 415 268 240.902 458.058 409 25 228.645 476.4 
10 399 337 294.782 529.435 400 321 260.076 498.463 407 326 285.269 497.638 408 321 290.923 521.832 409 331 280.443 527.28 413 314 274.572 492.247 415 347 284.866 513.823 410 380 238.955 543.595 416 347 250.667 533.107 412 294 240.224 509.608 
4 399 382 198.232 666.497 407 395 195.24 606.525 414 399 198.52 616.687 408 411 191.569 634.475 
3 524 120 302.629 365.515 527 7 320.03 349.527 526 111 318.16 356.743 
9 398 187 363.96 495.01 399 180 318.865 444.855 408 100 321.025 441.238 409 107 312.926 444.151 414 100 334.213 420.863 415 125 319.108 436.48 405 138 369.541 372.42 413 101 308.554 415.891 416 117 285.682 457.324 
3 400 283 555.469 746.741 405 213 574.949 648.277 407 211 527.061 732.111 
4 378 135 286.496 472.155 379 132 288.963 444.101 380 113 314.201 391.352 381 124 356.017 345.258 
3 400 380 334.397 676.006 407 345 336.818 658.55 406 365 379.959 616.848 
11 139 190 478.175 467.089 142 175 542.73 424.908 143 197 545.665 422.311 144 177 557.114 410.401 249 176 527.382 422.477 251 170 589.703 378.656 145 180 570.318 391.253 250 189 554.63 399.395 252 214 637.968 368.905 255 197 618.939 376.37 256 205 619.816 350.93 
3 478 224 365.196 543.044 479 219 391.887 537.971 480 341 416.191 555.796 
3 454 189 746.122 658.569 465 109 702.998 655.85 455 195 753.328 665.479 
5 102 113 686.18 579.183 105 338 645.455 692.895 106 328 637.423 736.859 107 355 630.585 772.558 108 352 638.047 810.144 
4 526 29 200.536 595.364 527 40 198.824 585.45 528 198 201.229 572.466 543 203 210.123 640.436 
8 45 467 680.432 836.137 46 449 698.899 795.773 47 440 713.144 754.056 51 496 747.006 692.047 48 459 725.156 715.263 50 504 740.947 698.125 52 474 733.735 677.907 53 508 739.88 645.941 
3 462 230 463.036 313.454 467 281 409.394 340.286 463 284 436.314 332.251 
11 61 362 473.785 685.65 62 338 463.751 656.789 63 372 448.097 634.052 64 348 419.013 627.507 65 331 400.41 612.229 66 365 406.953 572.962 67 405 405.361 537.242 68 435 409.916 493.954 69 418 414.941 442.729 70 387 407.081 393.968 71 359 377.437 376.146 
14 53 429 541.497 844.159 54 425 564.336 788.107 58 361 585.478 651.163 59 393 595.742 621.343 60 324 562.899 591.521 151 167 541.367 802.196 63 131 509.358 539.14 68 39 469.985 423.215 70 9 470.5 332.375 69 18 476.447 375.787 150 179 537.828 832.304 259 139 537.745 781.218 260 117 511.485 743.864 262 99 527.853 672.984 
10 522 249 255.703 712.224 524 280 329.06 710.421 525 279 319.168 722.569 526 261 338.315 695.826 527 283 336.588 688.681 523 261 304.708 709.078 528 218 355.117 694.442 529 307 324.074 689.994 543 218 390.462 759.759 544 207 428.017 749.578 
4 379 397 295.668 508.097 380 412 320.538 454.044 381 409 361.135 408.867 382 438 370.739 368.546 
8 147 98 268.044 702.813 148 108 272.31 671.642 149 103 279.58 638.669 150 84 281.177 604.412 151 77 291.628 577.106 257 64 267.651 629.423 259 70 337.016 562.404 379 174 358.693 645.082 
4 378 23 363.128 515.348 379 16 363.984 488.531 380 14 386.829 438.754 382 160 434.652 357.596 
4 461 18 659.693 471.864 463 12 636.661 515.695 467 11 634.599 493.644 468 10 644.777 501.159 
3 106 516 760.997 560.075 108 527 763.297 627.672 109 533 767.833 660.099 
3 290 436 706.373 869.496 292 400 668.754 891.538 293 403 663.338 891.537 
4 488 208 361.55 660.403 489 221 360.053 641.845 495 247 429.126 511.16 498 319 430.868 573.008 
17 189 284 656.138 653.807 190 326 639.834 654.845 191 332 640.625 659.429 194 334 572.047 727.739 195 333 554.299 719.356 196 309 539 712.163 201 421 528.055 794.189 298 240 671.942 507.071 299 199 633.618 479.032 300 223 618.433 492.811 301 234 606.275 514.834 302 245 618.001 533.406 304 250 553.744 570.249 305 227 517.132 558.435 202 351 527.506 816.317 309 222 402.775 628.146 308 226 403.795 634.315 
42 355 405 547.175 334.966 356 369 584.258 361.88 357 420 580.696 411.547 360 415 708.085 423.944 361 398 717.151 416.912 362 419 700.063 405.094 363 382 705.037 389.91 365 356 752.031 443.028 487 285 428.884 614.469 489 279 419.28 588.47 491 293 449.996 531.272 492 328 487.891 508.696 493 323 506.907 496.528 494 311 504.397 472.404 495 293 507.912 446.805 496 288 520.93 457.183 497 306 506.892 499.068 498 314 502.534 523.98 499 227 560.64 524.696 505 258 681.462 466.657 506 249 643.468 544.236 358 414 608.894 440.899 359 398 660.346 437.871 484 295 301.324 527.172 490 290 436.751 557.23 503 264 731.078 512.09 518 286 665.824 626.584 519 306 719.949 587.648 485 295 363.897 556.292 510 344 618.235 553.105 517 320 651.204 649.16 366 326 779.562 470.254 500 261 664.653 553.718 502 271 704.137 583.23 488 269 420.822 606.456 511 314 604.756 572.065 509 286 586.687 589.265 508 297 591.256 630.37 512 265 573.63 640.894 501 257 684.57 602.328 507 280 629.273 617.416 515 256 562.354 705.8 
5 477 314 679.931 411.417 478 319 722.579 412.558 482 351 787.381 495.354 481 369 778.882 463.846 483 358 804.761 497.494 
36 178 331 747.351 693.997 179 344 740.202 682.435 180 330 730.815 660.781 181 311 694.125 659.897 182 323 650.468 672.33 183 339 626.729 678.361 184 314 618.055 673.503 185 305 590.484 665.446 186 297 566.846 669.947 187 322 542.869 682.722 286 347 750.004 617.521 287 302 738.778 607.267 288 176 715.041 549.412 284 330 808.102 609.278 289 126 683.043 513.575 293 148 613.727 511.5 296 280 619.643 582.019 285 334 775.787 608.872 295 288 623.829 538.346 297 287 578.214 580.467 188 296 522.237 690.679 189 298 510.487 695.794 191 348 489.067 703.099 192 322 478.982 735.759 291 154 608.522 508.591 292 172 614.483 509.139 298 244 517.017 520.181 299 201 478.585 490.672 300 227 456.316 504.921 301 237 434.472 526.138 302 248 439.717 544.015 303 243 411.111 580.167 304 252 381.292 575.963 290 166 634.093 507.92 294 248 599.623 513.734 423 180 655.982 508.193 
3 307 376 636.647 898.548 309 368 569.474 912.233 310 362 532.826 915.481 
6 520 429 530.588 274.001 521 479 553.649 279.627 523 420 640.794 294.574 524 436 660.803 303.55 526 423 672.928 306.463 527 405 677.149 307.499 
3 516 231 466.26 377.201 517 200 495.136 367.787 518 180 517.937 343.74 
4 477 98 600.647 325.259 481 19 706.137 387.478 482 19 713.695 420.465 483 21 733.904 426.059 
8 523 148 326.109 648.346 524 54 349.348 650.693 525 154 339.446 665.117 526 34 360.387 638.046 527 48 359.183 631.755 529 138 355.434 618.383 530 174 347.263 541.505 543 139 415.742 691.451 
4 477 98 600.647 325.259 481 19 706.137 387.478 482 19 713.695 420.465 483 21 733.904 426.059 
5 337 171 680.572 617.955 338 176 677.801 640.949 339 215 677.778 666.476 342 205 707.419 763.206 344 183 722.169 799.191 
4 217 210 678.681 333.234 218 214 685.57 341.625 219 282 737.271 362.111 220 277 762.837 402.505 
4 486 208 764.844 793.641 490 169 790.787 765.523 488 71 771.964 803.036 489 69 769.769 788.305 
5 434 265 497.835 786.757 435 143 442.024 788.54 436 120 392.344 791.071 437 157 348.983 810.223 438 107 319.512 810.882 
4 467 1 479.922 322.13 468 2 492.845 340.262 469 3 518.963 366.576 470 9 520.101 440.417 
4 486 20 628.983 530.594 491 25 677.456 466.87 492 21 733.887 438.896 498 25 768.249 457.819 
4 478 9 358.729 358.159 480 13 411.866 368.764 481 22 430.73 412.32 479 6 390.746 347.91 
22 63 602 778.919 762.929 157 353 764.989 780.253 263 349 718.143 828.122 64 605 743.984 755.92 65 602 719.213 739.552 66 644 712.991 698.026 67 604 701.368 661.708 158 362 755.33 754.751 163 213 694.75 657.019 74 602 572.014 494.781 162 198 704.857 664.049 165 191 679.339 629.588 75 438 568.997 492.724 76 416 558.087 493.512 77 393 540.075 485.932 170 44 527.849 525.189 171 48 518.867 506.095 164 207 682.9 654.83 264 324 726.022 800.416 267 212 713.285 649.524 390 182 763.258 656.608 278 32 569.361 422.77 
4 434 263 444.567 749.947 435 138 393.487 751.666 436 116 349.163 755.043 437 288 309.894 773.564 
36 62 553 749.89 541.529 65 572 685.911 515.765 66 665 680.719 486.717 67 657 673.328 460.508 68 695 677.765 424.569 163 295 671.093 504.282 73 599 584.263 323.914 76 598 550.373 321.76 77 576 535.624 315.849 161 303 689.345 524.972 162 275 679.172 508.383 164 282 660.735 502.835 165 258 657.435 479.191 166 257 650.825 452.865 167 286 629.713 442.263 74 568 562.443 320.755 75 544 559.384 320.888 168 264 589.18 431.176 71 598 658.348 328.802 171 249 516.875 376.653 172 256 502.914 375.099 173 261 487.281 374.67 174 270 468.587 372.708 175 267 442.342 369.422 176 264 412.837 364.256 169 268 546.176 416.4 268 272 699.697 478.883 271 282 688.142 426.809 273 277 668.896 396.581 274 295 636.949 387.031 275 257 619.113 379.029 276 291 616.328 356.519 178 266 374.894 351.232 277 239 605.414 325.1 278 221 578.655 305.194 279 238 561.005 292.888 
3 450 341 759.632 685.694 457 291 798.548 691.741 458 298 789.487 666.191 
4 378 135 286.496 472.155 379 132 288.963 444.101 380 113 314.201 391.352 381 124 356.017 345.258 
4 384 20 324.88 484.594 385 32 360.465 438.514 387 14 404.083 351.571 388 9 391.679 329.831 
3 479 393 800.978 490.585 480 454 810.287 509.006 482 433 826.801 576.686 
4 49 310 431.964 762.24 50 416 437.248 770.817 51 328 446.798 764.991 52 308 438.595 743.18 
9 518 266 327.086 417.558 522 362 497.751 328.948 523 382 555.104 334.795 524 397 577.092 345.889 519 184 378.3 370.644 521 406 473.27 324.968 525 382 555.816 368.86 526 384 588.312 341.875 527 410 590.378 335.772 
6 520 429 530.588 274.001 521 479 553.649 279.627 523 420 640.794 294.574 524 436 660.803 303.55 526 423 672.928 306.463 527 405 677.149 307.499 
5 487 362 514.495 605.187 488 352 507.413 596.274 489 351 504.303 578.006 490 367 520.759 549.831 512 305 679.208 650.466 
4 378 135 286.496 472.155 379 132 288.963 444.101 380 113 314.201 391.352 381 124 356.017 345.258 
3 450 341 759.632 685.694 457 291 798.548 691.741 458 298 789.487 666.191 
4 97 44 431.213 422.662 98 50 423.941 456.427 101 77 402.823 506.559 103 333 341.264 552.112 
3 179 348 417.787 716.834 180 332 407.796 694.326 288 298 416.518 537.556 
6 72 500 630.133 845.671 73 506 581.514 824.898 74 543 542.229 807.111 75 517 539.721 798.197 76 502 525.028 799.542 77 480 498.444 789.421 
4 298 426 730.755 408.61 299 389 697.939 381.601 300 407 689.252 388.82 302 432 694.593 418.599 
3 446 107 358.814 705.446 448 103 324.391 732.817 452 104 291.993 720.774 
5 204 489 625.581 547.539 205 501 581.516 565.496 206 466 560.947 568.938 214 496 493.178 708.402 215 508 492.837 739.892 
3 434 461 362.76 693.891 435 425 319.38 696.519 436 390 279.904 699.157 
3 434 363 436.696 803.319 435 380 383.068 803.983 436 335 336.617 805.139 
4 290 472 802.967 738.232 293 449 778.39 767.654 291 473 780.641 762.306 298 480 653.066 852.556 
3 436 504 721.311 827.596 439 439 591.228 883.967 437 512 666.578 851.266 
3 436 436 635.305 838.392 437 449 573.912 860.64 438 398 535.234 861.757 
4 463 286 711.392 345.311 464 253 645.997 317.988 468 259 695.242 336.718 469 203 723.731 365.496 
3 307 376 636.647 898.548 309 368 569.474 912.233 310 362 532.826 915.481 
3 434 274 512.144 860.705 435 298 449.901 860.076 436 263 395.069 860.088 
5 195 227 798.337 732.343 196 94 783.332 725.065 304 162 809.01 637.82 306 71 745.199 662.577 305 151 767.868 625.486 
4 195 74 798.834 560.088 197 209 817.787 559.878 306 24 807.139 484.835 310 37 690.071 539.956 
3 434 439 676.656 417.672 435 456 629.124 428.09 436 414 590.622 440.595 
4 460 226 592.668 472.079 463 228 591.5 532.77 468 211 600.404 525.127 464 191 532.854 517.976 
3 441 97 609.706 776.764 443 244 552.727 805.231 442 335 595.742 808.998 
5 451 214 268.705 608.198 454 211 286.51 705.012 455 210 279.965 731.408 456 224 287.735 723.349 459 281 302.657 744.176 
3 443 218 508.351 626.803 444 227 497.516 608.185 445 206 497.246 628.049 
3 481 235 676 367.294 482 235 685.293 402.071 483 250 707.852 408.26 
9 269 77 257.359 689.448 270 80 241.772 664.027 271 80 246.241 628.044 272 69 252.532 593.205 387 205 303.553 716.338 391 31 339.339 527.371 392 26 355.39 446.516 273 67 234.825 563.989 393 23 360.254 382.789 
4 151 524 801.609 743.596 256 515 722.988 845.561 381 462 752.664 816.053 380 444 721.9 844.604 
3 155 102 357.674 656.534 156 253 356.969 627.48 157 74 358.434 601.961 
3 62 148 310.157 602.048 63 141 298.881 577.288 64 131 273.255 571.389 
21 44 476 572.166 851.995 47 402 633.549 717.552 48 418 648.441 673.819 50 464 662.946 658.743 51 454 667.996 654.134 52 379 656.947 637.003 53 397 665.785 602.292 56 388 644.738 499.404 54 389 681.821 559.122 55 378 654.202 520.973 57 461 666.394 481.148 59 485 698.341 441.673 60 420 666.708 423.699 61 448 639.493 417.183 62 445 627.471 404.226 64 476 590.118 392.451 65 455 573.497 384.85 66 499 573.414 360.277 152 224 634.955 610.758 67 543 567.778 337.44 68 577 572.22 301.676 
3 298 416 746.132 770.505 299 381 692.231 736.82 300 391 672.333 773.71 
5 290 397 784.547 807.217 294 349 733.391 854.817 292 450 753.02 827.134 293 401 751.988 836.273 298 383 591.825 916.493 
5 209 205 442.723 716.135 210 203 451.917 735.75 211 209 475.587 752.797 212 329 486.539 764.13 213 347 459.052 781.743 
5 524 116 492.957 298.668 525 110 473.675 327.831 526 106 504.897 295.632 527 119 507.686 288.642 544 159 625.224 311.279 
7 451 199 690.535 550.524 452 163 787.453 591.933 453 293 790.639 624.675 454 277 744.395 642.234 456 280 739.417 611.617 460 170 652.711 648.678 465 181 690.424 643.143 
8 353 452 615.582 537.359 355 496 654.728 563.728 356 523 683.516 572.211 357 482 682.247 609.301 358 473 704.857 630.687 359 456 752.563 630.898 492 396 659.686 709.453 486 359 574.895 765.287 
10 149 149 292.485 737.149 150 121 292.685 702.463 151 110 302.525 671.508 152 104 318.789 629.924 153 86 337.754 578.298 155 61 351.074 516.659 262 63 352.551 540.323 258 86 327.676 683.504 156 59 350.966 492.826 257 203 273.117 719.731 
4 167 343 390.035 744.159 273 207 438.459 628.623 272 209 458.161 653.713 392 159 518.336 565.734 
3 385 279 249.783 476.981 386 279 286.123 412.444 387 246 300.913 382.424 
5 268 82 250.402 711.048 269 73 239.572 678.143 271 77 228.093 615.9 272 62 234.884 581.064 274 64 234.747 561.955 
7 95 635 292.317 410.498 96 695 274.661 426.994 97 745 261.5 466.065 98 722 250.888 503.383 189 426 253.517 466.655 99 701 252.217 531.06 100 668 244.349 548.5 
5 384 161 279.761 546.795 385 166 319.04 496.956 386 153 353.987 437.085 387 140 365.726 407.685 389 154 363.152 357.354 
3 434 274 512.144 860.705 435 298 449.901 860.076 436 263 395.069 860.088 
7 162 316 636.683 643.092 163 324 629.226 637.698 264 416 656.915 771.557 388 327 680.724 668.713 267 334 650.309 621.272 268 392 647.454 596.125 389 422 693.572 648.877 
3 385 279 249.783 476.981 386 279 286.123 412.444 387 246 300.913 382.424 
10 451 174 589.786 468.459 452 243 659.91 498.281 455 261 618.492 556.013 456 171 610.56 535.846 461 166 566.762 613.526 465 98 539.867 597.566 466 204 599.674 599.331 462 45 566.582 638.018 467 29 562.763 658.25 464 119 493.194 656.929 
3 516 93 543.091 362.68 518 179 594.578 330.676 517 3 583.119 336.59 
3 436 325 450.183 747.071 437 286 405.135 766.298 439 295 353.324 787.466 
16 330 342 605.847 366.594 332 359 699.042 413.742 333 355 723.26 462.862 461 244 452 453.196 462 253 444.632 473.508 467 227 410.242 508.204 468 210 427.198 517.816 334 363 711.515 509.094 335 305 684.524 561.703 337 335 697.499 617.829 336 326 691.858 594.706 339 391 695.513 667.61 340 374 689.451 699.622 342 362 725.963 762.735 464 186 365.158 491.519 470 207 460.167 609.175 
6 334 372 740.821 667.009 336 338 714.792 742.926 337 356 721.8 763.51 335 325 708.614 715.259 338 371 720.722 783.005 339 414 719.404 806.452 
3 463 285 610.732 344.703 468 262 597.945 347.107 470 269 628.12 450.804 
3 463 385 628.531 313.091 464 359 569.558 296.045 467 391 612.973 303.634 
3 285 71 471.777 671.917 407 46 621.1 544.859 412 58 593.663 563.465 
4 463 288 723.082 376.796 464 256 658.459 349.207 468 263 709.964 363.742 469 290 739.146 391.604 
5 357 211 398.09 864.317 359 183 462.956 883.037 361 186 501.806 890.365 362 189 485.299 890.721 360 194 498.62 880.555 
5 23 43 713.888 451.368 24 351 716.603 519.167 25 386 743.629 556.91 26 414 771.449 591.386 27 403 799.967 625.723 
7 56 271 826.574 558.536 61 87 804.62 476.899 62 73 787.825 463.44 63 75 771.852 452.083 64 64 745.749 452.158 65 56 727.03 444.321 152 115 773.142 656.274 
3 203 282 588.548 369.282 206 249 522.588 430.04 208 268 500.966 466.931 
3 337 378 745.363 451.919 339 443 742.359 510.165 338 396 740.749 481.733 
6 477 41 711.083 588.833 478 41 749.989 587.783 482 57 814.027 658.712 480 47 795.734 592.945 479 32 783.521 579.286 483 61 832.013 657.552 
3 74 383 469.69 833.394 75 371 466.1 822.92 76 363 450.685 822.589 
3 493 332 857.12 593.554 497 320 852.038 602.023 498 330 850.745 629.128 
12 459 355 489.769 352.008 460 342 464.794 392.068 461 365 474.794 406.071 462 353 466.402 426.113 463 337 440.729 452.138 465 271 408.613 380.642 466 296 454.614 386.953 467 337 427.098 456.795 468 313 442.524 468.772 469 350 469.795 492.148 464 300 382.815 441.615 470 338 474.691 561.533 
4 526 355 209.367 637.5 527 374 205.37 625.347 528 353 208.261 620.732 543 337 227.305 689.796 
3 77 354 541.93 870.612 78 383 521.069 855.714 79 381 507.22 861.359 
3 477 272 677.498 524.889 481 326 774.271 569.422 480 339 762.651 531.839 
36 204 154 680.418 355.032 205 141 639.078 376.31 207 12 611.943 399.617 208 124 593.671 422.598 209 24 561.27 450.952 210 26 575.013 458.286 211 150 603.989 455.35 212 145 616.289 456.386 213 161 593.569 467.183 214 141 561.528 485.738 215 157 561.234 508.592 216 144 551.603 542.758 217 157 546.583 563.645 218 144 552.57 572.939 219 218 600.845 594.903 221 183 624.081 664.453 322 61 517.655 361.453 323 80 477.237 393.289 220 206 627.553 631.944 223 82 626.418 727.031 324 79 445.045 418.24 326 85 386.075 481.394 325 88 418.664 448.373 224 241 644.091 760.283 225 248 656.397 779.134 226 241 684.814 788.586 333 137 462.392 731.975 334 250 455.618 769.452 227 252 720.095 803.351 330 46 360.736 644.428 332 136 440.674 688.776 335 180 439.682 807.075 336 199 449.928 829.849 337 218 462.282 846.293 338 317 464.762 861.692 329 43 359.292 615.224 
4 216 153 561.16 642.534 217 171 556.393 662.699 219 233 613.468 696.88 220 230 642.951 734.173 
4 526 29 200.536 595.364 527 40 198.824 585.45 528 198 201.229 572.466 543 203 210.123 640.436 
8 399 87 277.698 415.158 405 9 339.176 347.09 408 92 285.396 411.485 409 16 277.413 414.282 414 6 301.512 391.196 415 113 287.592 407.428 406 14 318.937 376.07 407 16 281.555 398.421 
3 434 274 512.144 860.705 435 298 449.901 860.076 436 263 395.069 860.088 
4 526 355 209.367 637.5 527 374 205.37 625.347 528 353 208.261 620.732 543 337 227.305 689.796 
3 528 263 266.828 452.243 534 265 268.683 504.388 543 316 277.555 507.984 
6 435 225 407.936 526.011 436 200 372.321 532.309 437 239 341.182 548.831 438 187 318.593 550.408 439 199 298.52 561.777 440 276 263.795 589.076 
4 399 372 481.702 903.733 409 405 403.996 881.411 408 382 403.555 884.366 412 412 325.345 830.476 
3 356 161 720.644 599.397 492 219 714.053 737.848 493 203 745.472 741.959 
3 341 10 423.792 431.783 348 43 540.792 547.568 349 39 552.827 569.838 
4 402 112 447.066 819.272 405 113 562.114 773.603 406 121 536.476 819.864 404 203 495.662 764.15 
4 153 284 382.437 399.055 155 285 392.712 356.001 259 363 399.095 474.611 264 229 437.817 345.072 
4 398 12 398.347 394.726 409 7 363.496 350.281 416 6 341.481 368.191 414 1 386.443 330.183 
3 479 393 800.978 490.585 480 454 810.287 509.006 482 433 826.801 576.686 
4 463 288 723.082 376.796 464 256 658.459 349.207 468 263 709.964 363.742 469 290 739.146 391.604 
3 340 37 508.889 521.997 341 39 518.362 558.013 475 93 396.503 708.012 
5 516 236 371.986 434.286 517 291 400.679 426.055 519 357 480.789 351.253 518 262 422.908 401.302 525 314 660.077 358.793 
8 481 130 585.599 356.175 482 127 597.582 390.733 483 129 621.531 396.572 485 148 751.946 433.288 486 81 806.633 477.187 489 110 806.695 474.67 488 105 805.661 494.156 487 19 821.649 501.056 
3 310 373 730.236 481.426 311 341 696.76 491.185 312 372 678.848 516.27 
4 436 376 409.928 536.647 437 396 376.191 554.1 439 370 332.868 567.284 440 365 300.302 595.352 
5 517 18 495.886 484.63 520 193 649.501 369.294 521 113 676.741 382.8 522 195 697.348 386.499 525 121 742.284 422.7 
4 477 147 723.511 676.98 478 160 761.762 679.046 480 282 806.93 683.389 479 152 794.191 671.057 
3 500 299 571.727 876.32 503 340 628.63 838.718 506 286 546.206 859.367 
5 439 285 467.045 722.6 441 342 406.858 821.297 442 382 399.476 843.987 444 398 374.114 799.511 443 367 374.728 839.881 
4 494 352 700.605 321.127 499 281 770.252 384.709 509 352 810.77 465.707 511 301 812.936 458.146 
6 444 458 477.571 688.424 445 453 486.433 704.615 446 439 452.73 767.017 449 410 415.827 733.843 457 420 413.757 782.894 451 411 343.351 718.141 
3 307 376 636.647 898.548 309 368 569.474 912.233 310 362 532.826 915.481 
3 381 348 290.252 538.603 382 378 302.057 494.863 383 365 330.41 447.937 
7 25 19 472.716 324.709 26 39 497.96 357.919 27 60 527.869 392.45 30 77 709.835 469.43 31 74 746.313 458.448 32 92 765.25 455.768 33 77 786.497 461.911 
6 434 250 456.386 678.851 435 271 410.016 682.602 436 249 367.642 686.78 437 277 330.914 705.02 438 221 305.525 706.71 439 224 282.134 722.816 
5 216 268 792.075 683.462 218 167 792.223 728.565 217 178 783.595 717.215 325 43 570.046 659.838 324 126 606.97 627.991 
4 292 90 729.089 639.004 293 82 730.193 647.252 294 77 714.836 654.616 295 213 746.092 692.988 
3 39 221 654.253 392.654 40 40 684.647 382.599 41 27 726.758 356.697 
4 252 139 499.472 755.011 253 140 495.95 766.864 254 137 495.361 763.421 255 131 481.716 751.564 
7 447 207 520.926 638.684 448 258 495.897 612.66 454 272 428.761 635.145 453 290 457.464 609.548 455 271 423.158 653.337 460 261 402.131 703.312 456 285 426.118 637.794 
3 449 151 467.78 467.563 452 141 431.702 488.821 453 46 432.034 515.304 
4 218 223 706.006 414.297 219 295 760.306 435.766 221 357 769.042 509.559 224 418 789.448 621.097 
10 523 169 264.367 750.51 525 177 281.006 761.494 529 230 271.61 734.126 524 176 289.539 750.24 526 175 299.237 732.851 527 186 296.573 725.831 528 144 311.436 732.786 543 155 343.666 804.114 544 136 387.069 788.825 683 40 344.542 608.884 
5 387 311 263.183 635.893 388 307 240.939 614.935 389 322 255.225 582.091 390 281 283.816 531.64 391 134 300.656 445.773 
3 508 235 821.556 629.104 511 255 819.972 576.567 509 233 815.2 586.089 
3 450 341 759.632 685.694 457 291 798.548 691.741 458 298 789.487 666.191 
4 524 55 282.082 658.102 526 37 293.584 642.367 528 38 308.85 634.781 544 40 381.659 695.223 
3 74 193 356.712 629.788 77 155 320.144 617.318 78 155 302.514 603.162 
3 507 216 460.431 404.039 510 173 467.62 348.304 509 213 432.287 367.877 
3 400 199 421.397 742.408 407 88 409.104 720.298 413 72 387.41 727.874 
5 407 406 238.71 501.619 413 380 243.772 480.927 415 433 235.593 519.915 408 419 232.562 536.669 414 419 237.996 517.066 
5 23 192 425.206 400.445 24 312 423.922 464.02 116 60 440.557 473.289 119 103 495.544 569.553 120 109 516.687 584.875 
3 17 257 262.804 448.807 18 165 252.604 451.175 19 271 251.829 472.671 
3 17 74 522.917 633.736 19 83 520.825 666.399 20 216 500.72 724.253 
3 31 605 447.481 675.814 32 608 473.461 668.602 33 560 496.968 671.106 
5 407 406 238.71 501.619 413 380 243.772 480.927 415 433 235.593 519.915 408 419 232.562 536.669 414 419 237.996 517.066 
7 38 247 377.078 473.187 40 279 449.678 468.689 41 224 495.595 439.43 42 194 540.949 420.111 43 215 566.339 400.804 45 207 598.472 348.202 46 14 619.685 320.078 
4 139 255 591.087 888.592 244 225 444.344 877.087 243 239 421.423 878.356 248 235 568.203 849.002 
27 55 543 686.491 724.865 56 557 675.49 695.781 57 643 697.928 672.827 58 617 724.382 654.25 59 644 732.935 627.665 60 577 695.656 599.854 61 600 664.411 586.059 63 635 632.813 549.544 64 632 605.596 547.435 65 627 586.522 536.312 66 615 586.002 505.255 151 471 649.682 800.3 150 489 649.431 828.947 152 485 653.846 762.355 153 413 663.614 717.049 67 663 579.673 476.887 154 410 664.085 678.432 68 703 584.58 439.16 69 656 594.239 394.898 155 413 654.505 657.463 257 417 585.614 855.26 258 419 627.87 819.561 259 409 633.224 789.135 260 413 606.08 753.455 261 376 607.116 716.865 381 391 612.044 810.076 382 331 616.695 774.944 
7 54 253 382.812 467.162 55 195 371.408 427.563 56 35 370.297 406.167 58 23 424.214 365.542 57 30 397.922 385.367 59 12 436.769 338.752 60 5 414.226 324.284 
6 48 207 445.081 437.378 49 49 460.183 418.037 50 53 464.082 426.894 51 43 472.46 424.368 52 44 465.219 411.352 53 28 480.994 383.507 
8 481 130 585.599 356.175 482 127 597.582 390.733 483 129 621.531 396.572 485 148 751.946 433.288 486 81 806.633 477.187 489 110 806.695 474.67 488 105 805.661 494.156 487 19 821.649 501.056 
7 443 80 332.689 561.202 444 79 334.453 550.671 445 62 342.546 573.117 446 85 308.225 626.884 447 92 290.847 661.252 448 91 272.287 651.234 449 84 264.913 608.397 
3 227 164 497.461 501.391 235 177 695.584 579.498 238 190 720.155 612.672 
6 461 251 716.937 509.387 462 260 720.379 528.202 463 229 701.1 552.129 469 231 742.893 549.783 464 193 641.934 533.092 470 348 727.539 610.222 
20 141 445 292.483 569.094 142 355 313.581 560.486 145 372 357.819 512.417 249 421 288.846 535.767 250 372 320.682 507.937 251 420 364.704 482.387 143 454 320.612 553.982 144 357 335.901 536.079 252 386 417.289 470.891 254 375 413.651 485.518 257 303 435.555 412.287 377 189 501.395 561.181 146 373 396.596 479.796 253 385 413.13 485.338 255 377 401.85 473.876 378 239 537.059 521.783 379 238 536.858 498.087 148 369 429.191 420.652 380 231 555.873 453.212 381 231 591.499 414.061 
12 142 180 297.71 448.88 144 10 321.944 431.275 145 184 344.247 407.911 147 6 414.764 347.605 252 10 414.723 363.085 253 5 410.609 379.189 254 2 411.73 380.832 376 14 437.11 540.848 146 201 384.506 376.823 251 167 358.822 373.523 255 6 399.705 370.873 256 204 404.538 344.215 
3 526 66 367.693 761.093 527 72 364.948 755.455 543 158 423.478 831.353 
3 46 70 536.071 474.933 47 48 555.065 434.99 48 37 571.495 396.711 
4 55 55 463.158 462.826 56 54 458.296 440.776 57 49 484.409 419.478 58 265 509.877 401.837 
3 33 598 445.119 507.636 34 587 484.204 513.669 35 594 520.448 526.097 
11 36 315 548.241 650.896 37 296 582.026 645.481 38 135 618.564 640.809 39 122 648.237 641.039 40 152 679.012 629.799 41 114 720.484 602.166 42 81 761.342 584.662 43 94 783.637 565.88 44 88 792.036 538.832 45 94 803.781 508.67 46 75 815.943 479.637 
5 196 361 853.038 528.748 200 402 859.979 606.405 201 398 859.918 616.446 202 411 855.958 643.767 203 415 844.114 694.499 
3 466 285 540.194 813.979 468 254 540.07 849.255 469 276 577.208 869.736 
4 194 509 230.415 581.03 195 503 225.411 577.891 198 421 222.405 604.294 197 444 223.107 578.201 
4 290 393 632.08 783.046 291 380 592.878 786.004 292 393 600.028 792.644 293 363 595.983 808.81 
3 516 93 543.091 362.68 518 179 594.578 330.676 517 3 583.119 336.59 
3 392 450 212.501 616.024 393 359 216.405 534.665 394 339 236.497 466.479 
9 274 464 337.73 718.558 275 414 307.511 693.05 393 365 431.649 590.73 276 443 296.141 656.179 277 386 275.638 604.167 394 255 435.931 528.286 390 416 397.121 819.15 395 234 423.288 466.463 396 204 420.569 420.496 
3 307 376 636.647 898.548 309 368 569.474 912.233 310 362 532.826 915.481 
6 64 601 804.116 727.363 158 454 798.077 732.554 385 425 753.498 791.667 65 639 782.851 714.248 159 411 795.299 714.172 264 418 771.597 783.01 
4 384 265 285.485 517.527 385 277 323.624 467.993 386 277 358.727 408.704 387 245 369.428 379.349 
3 73 429 786.224 555.447 74 98 761.753 546.529 75 452 751.282 544.361 
3 508 37 454.634 679.472 511 32 474.555 615.286 509 28 452.388 641.297 
3 354 215 720.641 344.101 355 217 735.298 358.898 356 239 759.327 381.769 
3 486 89 286.906 519.503 489 117 301.482 512.543 497 70 376.37 400.207 
3 92 408 381.59 498.735 98 431 271.833 609.789 100 368 267.462 663.847 
3 360 28 322.424 616.641 369 103 379.686 634.256 520 80 426.759 749.841 
3 335 91 600.711 461.642 336 117 609.664 492.237 342 278 647.611 666.544 
3 528 263 266.828 452.243 534 265 268.683 504.388 543 316 277.555 507.984 
3 454 280 783.425 657.331 455 273 788.715 662.508 456 281 776.042 621.466 
10 524 166 250.575 667.53 525 157 241.929 681.813 526 158 263.771 651.366 527 165 262.027 642.406 528 131 276.921 643.056 529 210 229.623 627.555 534 121 269.676 714.598 543 140 301.621 710.499 544 122 349.459 704.515 683 27 318.042 540.364 
