492
16 0.998902 -0.00326995 0.0467395 -0.517573
0.00265034 0.999908 0.0133123 0.346811
-0.0467787 -0.0131739 0.998818 -1.38706
17 0.999908 0.000575801 0.0135694 -0.444249
-0.000693942 0.999962 0.00870333 0.360083
-0.0135639 -0.00871195 0.99987 -1.40399
18 0.999964 0.00127163 0.00837006 -0.432064
-0.00135343 0.999951 0.00977391 0.359291
-0.00835722 -0.00978489 0.999917 -1.40659
19 0.999968 0.00314194 0.00737805 -0.434543
-0.0031993 0.999965 0.00777466 0.348307
-0.00735336 -0.00779802 0.999943 -1.3968
20 0.999956 0.00706466 0.00621145 -0.422122
-0.00706903 0.999975 0.00068169 0.333875
-0.00620648 -0.000725569 0.99998 -1.38495
21 0.999948 0.00807699 0.006302 -0.417732
-0.00809416 0.999964 0.00270345 0.29308
-0.00627994 -0.00275432 0.999976 -1.37521
22 0.999954 0.00955374 0.000173063 -0.412956
-0.00955438 0.999946 0.0041717 0.256135
-0.000133199 -0.00417316 0.999991 -1.3758
23 0.999913 0.0129014 -0.00286166 -0.406
-0.0129083 0.999914 -0.00243412 0.220635
0.00283001 0.00247084 0.999993 -1.37618
24 0.999861 0.0150514 -0.00711432 -0.401998
-0.0150442 0.999886 0.0010664 0.184939
0.00712956 -0.00095922 0.999974 -1.37594
25 0.999819 0.0170977 -0.00831382 -0.413235
-0.0171347 0.999844 -0.0043981 0.173578
0.00823732 0.00453976 0.999956 -1.37567
26 0.999752 0.0192052 -0.0112754 -0.42247
-0.0192284 0.999813 -0.00195162 0.155522
0.0112358 0.00216795 0.999935 -1.37755
27 0.999616 0.0229148 -0.015565 -0.432726
-0.0230501 0.999698 -0.00857239 0.148367
0.0153638 0.00892787 0.999842 -1.38272
28 0.999317 0.0237262 -0.0283171 -0.440824
-0.0240241 0.999659 -0.0102274 0.140093
0.0280648 0.0109007 0.999547 -1.38967
29 0.999346 0.0249738 -0.0261341 -0.469952
-0.0251598 0.99966 -0.00681294 0.121482
0.025955 0.00746602 0.999635 -1.38659
30 0.998908 0.0254379 -0.0391987 -0.495342
-0.0256517 0.999659 -0.00496031 0.105605
0.0390591 0.0059604 0.999219 -1.38545
31 0.999035 0.0246493 -0.0363591 -0.51646
-0.0248034 0.999685 -0.00379326 0.109417
0.0362541 0.00469143 0.999332 -1.38445
32 0.99855 0.0254897 -0.0474197 -0.516442
-0.0257853 0.999652 -0.00563237 0.114448
0.0472596 0.00684694 0.998859 -1.39451
33 0.998795 0.0264241 -0.0413558 -0.535116
-0.0265827 0.999641 -0.00328985 0.10986
0.041254 0.00438523 0.999139 -1.39472
34 0.998435 0.0284534 -0.0481533 -0.547352
-0.0286896 0.999579 -0.00422178 0.109502
0.0480129 0.00559667 0.998831 -1.39796
35 0.998198 0.0302249 -0.0518385 -0.562244
-0.0306045 0.99951 -0.00654448 0.108012
0.0516153 0.00811917 0.998634 -1.40041
36 0.998151 0.0311355 -0.0522023 -0.576807
-0.0314591 0.999491 -0.00538823 0.106766
0.0520079 0.00702051 0.998622 -1.40178
37 0.99776 0.0313272 -0.0591017 -0.587226
-0.0315434 0.999499 -0.0027289 0.106417
0.0589865 0.00458706 0.998248 -1.40922
38 0.998015 0.0316453 -0.0544465 -0.612524
-0.0318368 0.99949 -0.00265358 0.108548
0.0543347 0.00438172 0.998513 -1.41223
39 0.997868 0.0317387 -0.0570345 -0.627196
-0.0319878 0.999482 -0.00345942 0.108855
0.0568951 0.00527645 0.998366 -1.41989
40 0.997612 0.0316704 -0.0613853 -0.639909
-0.0317528 0.999496 -0.00036697 0.111151
0.0613427 0.00231525 0.998114 -1.42483
41 0.997904 0.0293644 -0.0576581 -0.666903
-0.029902 0.999517 -0.00848332 0.132934
0.0573811 0.0101896 0.9983 -1.42277
42 0.997854 0.0301369 -0.0581339 -0.688467
-0.0304425 0.999527 -0.00437791 0.138236
0.0579745 0.00613825 0.998299 -1.42306
43 0.997772 0.0312218 -0.0589548 -0.700558
-0.0316835 0.999474 -0.00691385 0.152104
0.0587079 0.00876635 0.998237 -1.42448
44 0.997548 0.0320859 -0.0622028 -0.703727
-0.0324495 0.999462 -0.00484421 0.165491
0.0620138 0.00685078 0.998052 -1.43142
45 0.997346 0.0328481 -0.0649768 -0.713374
-0.0330105 0.999454 -0.00142719 0.180288
0.0648945 0.00356832 0.997886 -1.44462
46 0.99746 0.0318443 -0.0637163 -0.727821
-0.0315465 0.999486 0.00567407 0.189978
0.0638642 -0.00364963 0.997952 -1.4533
47 0.997278 0.0306461 -0.0670627 -0.734217
-0.0299729 0.99949 0.0110218 0.204585
0.0673662 -0.00898171 0.997688 -1.46036
48 0.997087 0.0299124 -0.0701687 -0.740087
-0.0290239 0.999486 0.0136487 0.222612
0.0705409 -0.0115723 0.997442 -1.46755
49 0.996977 0.031107 -0.0712012 -0.745813
-0.0299924 0.999411 0.0166709 0.230788
0.0716778 -0.014485 0.997323 -1.47257
50 0.997092 0.0331086 -0.0686421 -0.750451
-0.032067 0.999354 0.0162212 0.228931
0.0691348 -0.0139728 0.997509 -1.47177
51 0.996929 0.0339388 -0.0705688 -0.752119
-0.0326412 0.999278 0.0194616 0.227537
0.0711783 -0.0170984 0.997317 -1.47637
52 0.996943 0.0330881 -0.0707867 -0.748415
-0.0318619 0.999323 0.0183817 0.236337
0.071347 -0.0160701 0.997322 -1.48124
53 0.996786 0.0325213 -0.0732145 -0.753952
-0.0310504 0.999294 0.0211402 0.250222
0.0738504 -0.0187989 0.997092 -1.49329
54 0.996735 0.0326747 -0.073834 -0.764787
-0.0307692 0.999167 0.0267998 0.267123
0.0746482 -0.0244405 0.99691 -1.50258
55 0.996879 0.0312438 -0.0724977 -0.757435
-0.0295816 0.999277 0.0238901 0.294148
0.0731917 -0.0216709 0.997082 -1.52136
56 0.997005 0.0294536 -0.071503 -0.756805
-0.0279163 0.999359 0.0224044 0.30906
0.0721171 -0.0203412 0.997189 -1.53069
57 0.997222 0.0282018 -0.0689485 -0.774573
-0.0268132 0.99942 0.0209818 0.32234
0.0695003 -0.0190748 0.9974 -1.53254
58 0.997148 0.0278322 -0.0701467 -0.787662
-0.0262822 0.999392 0.0229233 0.330217
0.070742 -0.0210143 0.997273 -1.53317
59 0.997326 0.0263274 -0.068167 -0.796626
-0.0246811 0.999386 0.0248813 0.341517
0.0687801 -0.0231324 0.997364 -1.53494
60 0.99763 0.0246988 -0.0642165 -0.787681
-0.0232653 0.999465 0.022976 0.358178
0.0647497 -0.0214275 0.997671 -1.54766
61 0.997998 0.0229839 -0.0589256 -0.780943
-0.0216386 0.999493 0.0233675 0.365046
0.0594328 -0.0220457 0.997989 -1.55946
62 0.998293 0.0182553 -0.0554838 -0.781861
-0.0171392 0.999642 0.0205255 0.378223
0.0558386 -0.0195396 0.998249 -1.56993
63 0.998631 0.0109407 -0.051144 -0.781577
-0.0100419 0.999791 0.0177979 0.387481
0.0513281 -0.0172599 0.998533 -1.57479
64 0.998757 0.00424917 -0.0496543 -0.769828
-0.0035764 0.999901 0.0136301 0.389733
0.0497073 -0.0134355 0.998673 -1.58092
65 0.998922 0.000847159 -0.0464115 -0.763501
-0.000257119 0.999919 0.0127177 0.396685
0.0464185 -0.0126921 0.998841 -1.58624
66 0.99902 -0.00151417 -0.0442331 -0.769318
0.00211168 0.999907 0.0134646 0.418049
0.0442086 -0.0135448 0.99893 -1.59948
67 0.999198 -0.00394413 -0.0398421 -0.773252
0.00451221 0.999889 0.0141786 0.438182
0.0397817 -0.014347 0.999105 -1.60904
68 0.999291 -0.00455474 -0.0373779 -0.779501
0.00517853 0.999849 0.0166091 0.462363
0.0372966 -0.0167909 0.999163 -1.60642
69 0.999216 -0.00597786 -0.0391252 -0.782294
0.00673784 0.999791 0.0193214 0.486819
0.0390015 -0.0195699 0.999047 -1.59666
70 0.999162 -0.00715134 -0.0402953 -0.777324
0.00789556 0.999801 0.0183403 0.514508
0.0401561 -0.0186431 0.999019 -1.58995
71 0.999336 -0.00722607 -0.0357147 -0.763989
0.00789542 0.999795 0.0186362 0.527408
0.0355727 -0.0189058 0.999188 -1.5943
72 0.999478 -0.00686763 -0.0315626 -0.737142
0.00749541 0.999776 0.0198148 0.532239
0.0314194 -0.020041 0.999305 -1.60158
73 0.999434 -0.00723787 -0.0328518 -0.714937
0.00792601 0.999751 0.0208651 0.536557
0.0326926 -0.0211136 0.999242 -1.61227
74 0.999476 -0.0076163 -0.0314515 -0.700492
0.00830722 0.999726 0.0218959 0.540576
0.0312761 -0.0221457 0.999265 -1.61835
75 0.999573 -0.00598805 -0.0286166 -0.702022
0.00657327 0.99977 0.0204003 0.545934
0.0284879 -0.0205797 0.999382 -1.62129
76 0.999536 -0.00687262 -0.0296859 -0.693833
0.00751421 0.999739 0.0215553 0.543343
0.0295301 -0.0217683 0.999327 -1.62272
77 0.99959 -0.00666833 -0.027841 -0.683098
0.00727336 0.999738 0.0216869 0.548538
0.0276891 -0.0218805 0.999377 -1.62109
78 0.999629 -0.00768859 -0.0261179 -0.676411
0.00828706 0.999704 0.0228837 0.554176
0.0259342 -0.0230917 0.999397 -1.619
79 0.999648 -0.0057748 -0.0258924 -0.667449
0.0064264 0.999663 0.0251535 0.551752
0.0257385 -0.025311 0.999348 -1.61697
80 0.999644 -0.00594153 -0.0260062 -0.659975
0.00661017 0.999648 0.0257007 0.557749
0.0258444 -0.0258635 0.999331 -1.60898
81 0.999672 -0.0051705 -0.0250818 -0.652574
0.00585485 0.99961 0.0272884 0.558888
0.0249309 -0.0274263 0.999313 -1.60549
82 0.999607 -0.00586513 -0.0274304 -0.636983
0.00664814 0.99957 0.0285415 0.552071
0.0272512 -0.0287127 0.999216 -1.60395
83 0.999742 -0.0063836 -0.0218056 -0.630042
0.00700186 0.999572 0.0283956 0.546153
0.021615 -0.028541 0.999359 -1.59399
84 0.999707 -0.00946386 -0.0222622 -0.618886
0.0100105 0.999648 0.0245707 0.550167
0.0220218 -0.0247864 0.99945 -1.58681
85 0.999809 -0.00835548 -0.0176862 -0.602772
0.00882189 0.999611 0.0264596 0.546198
0.0174582 -0.0266106 0.999493 -1.58198
86 0.999856 -0.00615063 -0.0158139 -0.582005
0.00661104 0.999551 0.0292292 0.545581
0.015627 -0.0293295 0.999448 -1.5787
87 0.99989 -0.00657297 -0.0132712 -0.582638
0.00701742 0.999407 0.0337251 0.555661
0.0130416 -0.0338146 0.999343 -1.57893
88 0.999878 -0.00829964 -0.0132598 -0.586304
0.00873241 0.99942 0.0329205 0.575856
0.0129789 -0.0330322 0.99937 -1.58417
89 0.999888 -0.00967132 -0.0113905 -0.571845
0.0100611 0.999348 0.0346749 0.577575
0.0110477 -0.0347856 0.999334 -1.58823
90 0.999786 -0.0138273 -0.0154052 -0.544452
0.014307 0.999402 0.031473 0.5969
0.0149608 -0.0316866 0.999386 -1.60549
91 0.999814 -0.0141924 -0.0130966 -0.52119
0.0145404 0.999533 0.0268711 0.607507
0.0127092 -0.0270565 0.999553 -1.61352
92 0.999858 -0.0134006 -0.0102337 -0.494036
0.0137097 0.999433 0.0307526 0.586352
0.00981576 -0.0308886 0.999475 -1.60998
93 0.99985 -0.0159544 -0.00678507 -0.488603
0.0161391 0.999475 0.0280875 0.591605
0.00633338 -0.0281928 0.999582 -1.60644
94 0.999817 -0.0174674 -0.00784851 -0.471119
0.0176725 0.999483 0.0268674 0.58979
0.00737514 -0.0270012 0.999608 -1.60593
95 0.999853 -0.0158926 -0.00643998 -0.458034
0.0160671 0.999478 0.0280179 0.581884
0.00599134 -0.0281173 0.999587 -1.60307
96 0.999881 -0.0147455 -0.00448127 -0.445651
0.0148543 0.999569 0.025303 0.575488
0.00410624 -0.0253665 0.99967 -1.6043
97 0.999915 -0.01293 -0.00182373 -0.439813
0.0129731 0.999577 0.0260156 0.54735
0.00148657 -0.0260371 0.99966 -1.59962
98 0.999923 -0.0123893 -0.000140525 -0.437372
0.0123888 0.999595 0.0256185 0.520516
-0.000176926 -0.0256183 0.999672 -1.58909
99 0.999925 -0.0120551 -0.00232815 -0.439612
0.0121057 0.999659 0.0231158 0.503441
0.00204869 -0.0231422 0.99973 -1.57881
100 0.99993 -0.0110908 -0.0042141 -0.43397
0.0111858 0.999668 0.0232126 0.491819
0.00395526 -0.0232581 0.999722 -1.57489
101 0.999904 -0.0118523 -0.00715749 -0.41662
0.0120276 0.999616 0.0249763 0.48395
0.00685872 -0.0250599 0.999662 -1.57478
102 0.999917 -0.0123337 -0.00380139 -0.397714
0.0124215 0.999635 0.0240032 0.475657
0.00350396 -0.0240484 0.999705 -1.56976
103 0.999935 -0.0108775 -0.00336782 -0.380834
0.0109476 0.999708 0.0215409 0.456613
0.00313252 -0.0215764 0.999762 -1.55866
104 0.999937 -0.0110614 -0.002007 -0.374603
0.0111045 0.999676 0.0228926 0.436626
0.00175313 -0.0229134 0.999736 -1.55321
105 0.999931 -0.0116268 -0.00193671 -0.368153
0.011667 0.999685 0.0222315 0.414858
0.00167761 -0.0222526 0.999751 -1.54448
106 0.999968 -0.0066501 0.00439769 -0.366627
0.00658213 0.999861 0.0152933 0.401955
-0.00449878 -0.0152638 0.999873 -1.53279
107 0.999976 -0.00675034 0.0018251 -0.358938
0.00671409 0.999793 0.0191874 0.37754
-0.00195425 -0.0191747 0.999814 -1.53268
108 0.999975 -0.00626952 0.00326363 -0.363651
0.00619553 0.999734 0.0222101 0.355182
-0.003402 -0.0221894 0.999748 -1.52997
109 0.999983 -0.00583308 0.000227128 -0.361149
0.00582788 0.999812 0.0185029 0.341962
-0.000335014 -0.0185013 0.999829 -1.52756
110 0.999991 -0.00423787 0.000735019 -0.369234
0.00422698 0.99989 0.0142267 0.318502
-0.000795229 -0.0142235 0.999899 -1.51593
111 0.999995 -0.00105653 -0.00285704 -0.375673
0.00108989 0.999931 0.0117012 0.298493
0.00284448 -0.0117043 0.999927 -1.5101
112 0.999991 7.12293e-05 -0.00431241 -0.378826
-4.09618e-05 0.999975 0.00701836 0.284358
0.00431281 -0.00701812 0.999966 -1.51382
113 0.999985 0.000867875 -0.00546711 -0.38231
-0.000798619 0.99992 0.0126573 0.263326
0.00547766 -0.0126527 0.999905 -1.52025
114 0.999971 0.00340781 -0.00680549 -0.384672
-0.00333514 0.999938 0.0106599 0.250165
0.00684139 -0.0106369 0.99992 -1.52033
115 0.999918 0.00683202 -0.0107972 -0.387988
-0.00680853 0.999974 0.00221123 0.237548
0.010812 -0.00213753 0.999939 -1.51485
116 0.999981 0.00595982 -0.00184909 -0.40932
-0.00592927 0.999853 0.01611 0.186135
0.00194483 -0.0160988 0.999869 -1.50667
117 0.999942 0.0106883 -0.0016376 -0.420324
-0.0106696 0.999882 0.0110243 0.154481
0.00175524 -0.0110062 0.999938 -1.49727
118 0.999909 0.0118844 -0.006339 -0.429792
-0.0118626 0.999924 0.0034591 0.137041
0.00637963 -0.00338359 0.999974 -1.49216
119 0.999928 0.011438 -0.00356371 -0.447101
-0.0114399 0.999934 -0.000507925 0.133909
0.00355767 0.000548658 0.999994 -1.49193
120 0.999843 0.0116831 -0.0133074 -0.452557
-0.0116862 0.999932 -0.000159531 0.121848
0.0133046 0.000315019 0.999911 -1.49697
121 0.99975 0.0112027 -0.019343 -0.461765
-0.0110268 0.999897 0.0091796 0.0955428
0.0194438 -0.00896402 0.999771 -1.50046
122 0.999649 0.0117183 -0.0237717 -0.467635
-0.0116701 0.99993 0.00216592 0.0911064
0.0237954 -0.00188774 0.999715 -1.50428
123 0.99962 0.0130437 -0.0242853 -0.47687
-0.0130174 0.999915 0.0012401 0.0743541
0.0242994 -0.0009235 0.999704 -1.50654
124 0.999508 0.0154583 -0.02728 -0.486379
-0.0156484 0.999855 -0.00677167 0.0605698
0.0271713 0.00719523 0.999605 -1.50485
125 0.999588 0.0146144 -0.0246957 -0.503167
-0.0146706 0.99989 -0.00209733 0.0455616
0.0246623 0.00245876 0.999693 -1.49748
126 0.999237 0.0141723 -0.0364017 -0.508577
-0.0144523 0.999868 -0.00744035 0.0411418
0.0362914 0.00796076 0.99931 -1.49535
127 0.999476 0.0154755 -0.0284213 -0.549562
-0.0156718 0.999855 -0.00669812 0.028014
0.0283135 0.00714003 0.999574 -1.49485
128 0.999513 0.0146905 -0.0275222 -0.562286
-0.014879 0.999867 -0.00665766 0.0105263
0.0274207 0.00706392 0.999599 -1.50121
129 0.999464 0.0147281 -0.0292482 -0.559665
-0.0149914 0.999849 -0.00880293 -0.000273817
0.0291141 0.00923668 0.999533 -1.50664
130 0.999595 0.0148691 -0.0242711 -0.569555
-0.0150356 0.999865 -0.00669311 -0.00623506
0.0241683 0.00705533 0.999683 -1.50588
131 0.999693 0.0141108 -0.0203704 -0.596793
-0.0142652 0.99987 -0.00745645 -0.000746315
0.0202626 0.00774475 0.999765 -1.50169
132 0.99941 0.0149838 -0.0308942 -0.610726
-0.0151208 0.999877 -0.0042053 0.00774933
0.0308274 0.00466997 0.999514 -1.50814
133 0.999241 0.0161355 -0.0354654 -0.623131
-0.0163309 0.999853 -0.00522631 0.0159027
0.0353759 0.00580152 0.999357 -1.51564
134 0.99914 0.0164678 -0.0380506 -0.637963
-0.0165934 0.999858 -0.00298647 0.0156647
0.037996 0.00361529 0.999271 -1.52587
135 0.999169 0.0168945 -0.0370971 -0.655199
-0.0168139 0.999856 0.00248339 0.0111702
0.0371337 -0.00185757 0.999309 -1.53176
136 0.999147 0.0194767 -0.0364225 -0.660617
-0.0194858 0.99981 0.000106905 0.00475345
0.0364176 0.000602907 0.999336 -1.53497
137 0.99907 0.019673 -0.0383675 -0.665493
-0.0194885 0.999797 0.00517693 0.00184178
0.0384616 -0.00442439 0.99925 -1.54229
138 0.999101 0.0187725 -0.0380025 -0.673146
-0.0187245 0.999823 0.001619 0.0214149
0.0380262 -0.000905967 0.999276 -1.54791
139 0.999155 0.018603 -0.0366588 -0.686241
-0.0184182 0.999816 0.00537204 0.0354768
0.0367519 -0.00469231 0.999313 -1.55369
140 0.998849 0.0180748 -0.0444383 -0.697003
-0.0175579 0.999774 0.0119952 0.0451882
0.0446451 -0.0112012 0.99894 -1.56245
141 0.998927 0.0184699 -0.042459 -0.71711
-0.0181786 0.999809 0.00723608 0.0630372
0.0425846 -0.00645647 0.999072 -1.56706
142 0.99885 0.0182329 -0.0443423 -0.727506
-0.0179937 0.999821 0.00578766 0.0702322
0.0444399 -0.00498312 0.999 -1.57556
143 0.998784 0.0181439 -0.0458325 -0.728683
-0.0178694 0.99982 0.00639161 0.0730055
0.0459402 -0.00556484 0.998929 -1.58204
144 0.99887 0.0163998 -0.0446007 -0.739865
-0.0160962 0.999845 0.00715851 0.0822669
0.0447112 -0.00643252 0.998979 -1.58742
145 0.99858 0.0168526 -0.0505438 -0.746481
-0.0161446 0.999766 0.0143843 0.0923901
0.0507744 -0.0135479 0.998618 -1.60035
146 0.998469 0.0153778 -0.0531282 -0.771095
-0.014329 0.999696 0.0200661 0.107099
0.0534206 -0.0192741 0.998386 -1.60544
147 0.998434 0.0152842 -0.0538216 -0.791834
-0.0141925 0.999687 0.0206067 0.126736
0.0541197 -0.0198106 0.998338 -1.60405
148 0.998628 0.015523 -0.0500112 -0.798608
-0.0140999 0.999489 0.0286832 0.136899
0.0504309 -0.0279387 0.998337 -1.6038
149 0.998261 0.0156872 -0.0568163 -0.794202
-0.014215 0.999555 0.026224 0.159491
0.0572024 -0.0253708 0.99804 -1.61151
150 0.998568 0.0161385 -0.051011 -0.800831
-0.0147005 0.999487 0.0284394 0.17822
0.0514438 -0.0276487 0.998293 -1.61116
151 0.998597 0.0183033 -0.0496822 -0.805056
-0.01668 0.99932 0.0328928 0.192045
0.0502505 -0.032018 0.998223 -1.62126
152 0.99834 0.0155855 -0.0554528 -0.806016
-0.0138866 0.999426 0.0308924 0.217198
0.0559025 -0.030071 0.997983 -1.63671
153 0.998241 0.0132634 -0.0577769 -0.814215
-0.011515 0.999469 0.0304893 0.248736
0.0581506 -0.0297704 0.997864 -1.64735
154 0.998312 0.010251 -0.0571596 -0.821673
-0.00863697 0.999559 0.0284134 0.276752
0.0574257 -0.0278717 0.997961 -1.66105
155 0.998414 0.0110915 -0.0552015 -0.821022
-0.00954887 0.999559 0.0281314 0.293525
0.0554891 -0.0275596 0.998079 -1.67336
156 0.998427 0.0121545 -0.0547351 -0.81912
-0.0104325 0.999445 0.0316378 0.308797
0.0550893 -0.031017 0.998 -1.68353
157 0.998441 0.0134375 -0.0541798 -0.82008
-0.0116583 0.999387 0.0330219 0.326355
0.0545903 -0.0323388 0.997985 -1.68488
158 0.998514 0.0128264 -0.0529685 -0.820971
-0.0109706 0.999321 0.035179 0.339449
0.0533838 -0.0345456 0.997976 -1.69772
159 0.998368 0.0122259 -0.0557911 -0.818115
-0.010372 0.999388 0.0333993 0.354781
0.0561653 -0.0327662 0.997884 -1.7113
160 0.998372 0.0130402 -0.0555286 -0.814465
-0.011281 0.999428 0.0318785 0.367343
0.0559126 -0.0312002 0.997948 -1.71898
161 0.998549 0.0135074 -0.0521359 -0.809449
-0.011891 0.999443 0.0311892 0.392399
0.0525281 -0.030524 0.998153 -1.73679
162 0.998889 0.0127504 -0.0453716 -0.812922
-0.0113105 0.999429 0.0318518 0.410055
0.0457518 -0.0313033 0.998462 -1.74861
163 0.998633 0.0101264 -0.0512817 -0.801398
-0.00876401 0.999604 0.026722 0.419547
0.051532 -0.026236 0.998327 -1.75894
164 0.998661 0.00858275 -0.0510111 -0.792925
-0.00724738 0.999628 0.0263056 0.420527
0.0512179 -0.0259007 0.998352 -1.76147
165 0.998759 0.00967589 -0.04886 -0.789935
-0.00830913 0.999571 0.0280989 0.442443
0.0491109 -0.0276581 0.99841 -1.75496
166 0.998899 0.00724595 -0.0463456 -0.788247
-0.00582727 0.999512 0.0306732 0.465448
0.0465453 -0.0303694 0.998454 -1.75867
167 0.998783 0.00604069 -0.0489585 -0.767579
-0.00470281 0.999614 0.0273962 0.482295
0.049105 -0.0271326 0.998425 -1.77066
168 0.998817 0.00551659 -0.0483142 -0.728371
-0.00443447 0.999738 0.0224761 0.501495
0.0484255 -0.0222352 0.998579 -1.77703
169 0.999315 0.00385766 -0.0368139 -0.696882
-0.00278492 0.999571 0.0291465 0.509291
0.0369106 -0.029024 0.998897 -1.77572
170 0.999035 -0.00223294 -0.0438587 -0.668364
0.00331945 0.999689 0.024716 0.536499
0.0437899 -0.0248377 0.998732 -1.7827
171 0.999176 -0.0025051 -0.0405091 -0.664033
0.00353435 0.999672 0.0253561 0.555319
0.0404323 -0.0254784 0.998857 -1.78629
172 0.999422 -0.00178803 -0.0339617 -0.657053
0.00261346 0.999702 0.024276 0.558763
0.0339081 -0.0243507 0.999128 -1.78172
173 0.999363 -0.00444773 -0.0354132 -0.6389
0.00535994 0.999655 0.0257057 0.552312
0.0352867 -0.0258791 0.999042 -1.77321
174 0.999372 -0.00515375 -0.0350716 -0.619724
0.00611942 0.999604 0.027483 0.547981
0.0349161 -0.0276803 0.999007 -1.76379
175 0.999432 -0.00509428 -0.0333093 -0.593546
0.00605738 0.999565 0.0288772 0.552038
0.0331477 -0.0290626 0.999028 -1.76844
176 0.999473 -0.00493423 -0.0320759 -0.563342
0.00583248 0.999592 0.0279711 0.560688
0.0319248 -0.0281434 0.999094 -1.77195
177 0.999469 -0.00588359 -0.0320397 -0.537341
0.00675955 0.999604 0.0273005 0.571555
0.0318664 -0.0275026 0.999114 -1.77761
178 0.999492 -0.00599645 -0.0312996 -0.523787
0.00693278 0.999529 0.0298929 0.574018
0.0311056 -0.0300948 0.999063 -1.77757
179 0.999361 -0.00709539 -0.0350192 -0.512016
0.00831119 0.999363 0.0346958 0.577897
0.0347507 -0.0349647 0.998784 -1.77835
180 0.999518 -0.00590627 -0.030488 -0.510344
0.00669073 0.999648 0.0256924 0.605734
0.0303255 -0.025884 0.999205 -1.77243
181 0.999578 -0.00664554 -0.0282953 -0.488194
0.00740726 0.999611 0.0269013 0.603785
0.0281055 -0.0270995 0.999238 -1.77596
182 0.999708 -0.00474431 -0.0236897 -0.459992
0.00533902 0.999671 0.0251042 0.59615
0.0235628 -0.0252234 0.999404 -1.77329
183 0.999751 -0.00589593 -0.0215358 -0.444465
0.00647595 0.999615 0.0269632 0.588809
0.0213685 -0.0270959 0.999404 -1.76824
184 0.999813 -0.00534656 -0.0185813 -0.440293
0.00583116 0.999642 0.0261245 0.593984
0.018435 -0.026228 0.999486 -1.76347
185 0.999851 -0.00495114 -0.0165365 -0.421126
0.00542434 0.999574 0.0286945 0.597136
0.0163874 -0.02878 0.999451 -1.75748
186 0.99988 -0.0044868 -0.0148522 -0.404536
0.00488075 0.999634 0.0265957 0.597553
0.0147274 -0.026665 0.999536 -1.74953
187 0.999857 -0.00668085 -0.0155579 -0.38774
0.0071725 0.99947 0.0317632 0.581076
0.0153374 -0.0318702 0.999374 -1.74936
188 0.999873 -0.0070903 -0.014283 -0.374724
0.0074911 0.999574 0.0282067 0.579642
0.0140769 -0.0283102 0.9995 -1.74668
189 0.999887 -0.00773992 -0.0129128 -0.368314
0.00811245 0.999545 0.0290513 0.575192
0.012682 -0.0291528 0.999495 -1.74214
190 0.999946 -0.00614185 -0.00832974 -0.35945
0.00639587 0.999504 0.0308206 0.573592
0.00813632 -0.0308722 0.99949 -1.73327
191 0.999913 -0.00638709 -0.0115264 -0.353518
0.00673429 0.999517 0.0303388 0.571446
0.0113271 -0.0304138 0.999473 -1.72658
192 0.999884 -0.00654538 -0.0137764 -0.343199
0.0069751 0.999483 0.0313794 0.55107
0.0135639 -0.0314718 0.999413 -1.71548
193 0.999887 -0.00649129 -0.0135289 -0.317412
0.00690131 0.999511 0.0304843 0.531748
0.0133244 -0.0305743 0.999444 -1.70861
194 0.999903 -0.00776093 -0.0115682 -0.304712
0.00812427 0.999464 0.0316991 0.526981
0.011316 -0.03179 0.999431 -1.71038
195 0.999869 -0.00951821 -0.0131217 -0.293285
0.00987845 0.999568 0.0276674 0.536229
0.0128527 -0.0277934 0.999531 -1.71332
196 0.999774 -0.0136136 -0.0163086 -0.28154
0.0140144 0.999596 0.0247196 0.544499
0.0159654 -0.0249426 0.999561 -1.70971
197 0.999724 -0.0153111 -0.0178131 -0.294174
0.0156977 0.99964 0.0217712 0.541557
0.0174733 -0.0220448 0.999604 -1.69241
198 0.999676 -0.0165106 -0.0193743 -0.296817
0.0168636 0.999692 0.0181999 0.524775
0.0190678 -0.0185207 0.999647 -1.68095
199 0.999629 -0.0195572 -0.0189411 -0.287217
0.0197111 0.999774 0.00796918 0.523223
0.0187809 -0.00833957 0.999789 -1.67967
200 0.999115 -0.0339192 -0.0248742 -0.274782
0.0339758 0.999421 0.00185759 0.52599
0.0247968 -0.00270107 0.999689 -1.68113
201 0.998792 -0.0416088 -0.0261269 -0.27759
0.0415586 0.999133 -0.00246153 0.524819
0.0262066 0.00137276 0.999656 -1.67982
202 0.998613 -0.0454005 -0.0266758 -0.276428
0.0452649 0.998959 -0.00566712 0.51133
0.0269053 0.00445178 0.999628 -1.67824
203 0.998553 -0.0463668 -0.027227 -0.267512
0.0460844 0.998878 -0.0109093 0.487928
0.0277022 0.00963877 0.99957 -1.67323
204 0.998625 -0.0464393 -0.0243205 -0.26148
0.0461048 0.998837 -0.0141386 0.458758
0.0249487 0.0129979 0.999604 -1.66905
205 0.998255 -0.0527175 -0.0266001 -0.228426
0.0521803 0.998427 -0.0205029 0.450912
0.0276392 0.0190791 0.999436 -1.6765
206 0.99808 -0.055933 -0.0266023 -0.213824
0.0553464 0.998218 -0.0222978 0.449913
0.027802 0.0207826 0.999397 -1.68315
207 0.99804 -0.0547053 -0.0303992 -0.204607
0.0539607 0.998235 -0.0247968 0.439622
0.0317021 0.0231078 0.99923 -1.68701
208 0.997961 -0.0537142 -0.0344847 -0.18474
0.0528586 0.998282 -0.0252612 0.422164
0.0357824 0.0233868 0.999086 -1.69278
209 0.997773 -0.0553375 -0.037245 -0.15309
0.054405 0.998191 -0.0256018 0.396711
0.0385943 0.0235184 0.998978 -1.69047
210 0.997629 -0.0571329 -0.0383795 -0.160863
0.0561164 0.998057 -0.0270596 0.387437
0.039851 0.0248417 0.998897 -1.67048
211 0.997632 -0.0550672 -0.0411985 -0.174137
0.0540946 0.998239 -0.0243626 0.37987
0.0424675 0.0220763 0.998854 -1.64122
212 0.997662 -0.053787 -0.0421689 -0.17901
0.0528624 0.998343 -0.0227433 0.374199
0.0433224 0.020461 0.998852 -1.62807
213 0.997804 -0.052839 -0.0399296 -0.162292
0.0519223 0.998371 -0.0236555 0.365549
0.0411145 0.0215303 0.998922 -1.62003
214 0.99714 -0.0547646 -0.052078 -0.124682
0.0533188 0.998163 -0.0287589 0.357547
0.0535573 0.0258999 0.998229 -1.62095
215 0.997009 -0.0540395 -0.0552476 -0.11881
0.052421 0.998164 -0.0303389 0.340663
0.0567857 0.0273521 0.998012 -1.60803
216 0.99682 -0.0528512 -0.0596314 -0.10547
0.0510434 0.998201 -0.0314437 0.316569
0.061186 0.0282999 0.997725 -1.60148
217 0.996712 -0.0546652 -0.0598098 -0.103071
0.0525355 0.997947 -0.0366207 0.307705
0.0616889 0.0333581 0.997538 -1.60516
218 0.996568 -0.0568091 -0.0602076 -0.106932
0.0548874 0.997944 -0.0331065 0.296707
0.0619646 0.0296883 0.997637 -1.60376
219 0.996474 -0.0538461 -0.0643515 -0.135403
0.0516739 0.998052 -0.0349569 0.283325
0.0661084 0.0315083 0.997315 -1.59934
220 0.996327 -0.0490578 -0.0701897 -0.147965
0.0468933 0.998382 -0.0321619 0.254035
0.0716539 0.0287523 0.997015 -1.60426
221 0.996392 -0.0460042 -0.0713189 -0.145493
0.0434049 0.998351 -0.0375779 0.235594
0.07293 0.0343467 0.996745 -1.6159
222 0.995993 -0.0439755 -0.0778738 -0.133302
0.041367 0.998538 -0.0347996 0.203085
0.0792903 0.0314388 0.996356 -1.6267
223 0.9969 -0.0419945 -0.0665281 -0.15529
0.0399837 0.998711 -0.031274 0.176842
0.0677556 0.028517 0.997294 -1.63262
224 0.995366 -0.0404004 -0.0872577 -0.146197
0.0371211 0.998554 -0.038883 0.158443
0.0887024 0.0354637 0.995427 -1.64062
225 0.99649 -0.0396211 -0.0737398 -0.173218
0.0373057 0.998775 -0.0325173 0.135355
0.0749379 0.0296522 0.996747 -1.64289
226 0.996086 -0.0402424 -0.0786948 -0.190389
0.0372949 0.99856 -0.0385731 0.134574
0.0801337 0.0354873 0.996152 -1.64281
227 0.996743 -0.0400677 -0.0699848 -0.22759
0.0374579 0.998567 -0.0382132 0.123398
0.0714157 0.0354673 0.996816 -1.63891
228 0.996283 -0.0392891 -0.0766625 -0.251708
0.0365701 0.998662 -0.0365545 0.0918025
0.0779962 0.033615 0.996387 -1.63751
229 0.995669 -0.0370731 -0.0852549 -0.272876
0.0334331 0.998484 -0.0437345 0.0631793
0.086747 0.0406947 0.995399 -1.64346
230 0.996002 -0.0386497 -0.0805324 -0.296577
0.0357449 0.998668 -0.0372052 0.0482672
0.0818631 0.0341778 0.996057 -1.64607
231 0.994958 -0.0363078 -0.0934878 -0.300278
0.0316644 0.998213 -0.0506824 0.0605225
0.0951609 0.0474666 0.99433 -1.64889
232 0.994885 -0.0403458 -0.0926016 -0.305219
0.0372268 0.998688 -0.0351661 0.0560071
0.0938989 0.031539 0.995082 -1.65042
233 0.994883 -0.0386 -0.0933737 -0.330606
0.0350838 0.998623 -0.0390106 0.0741235
0.0947509 0.035535 0.994867 -1.64918
234 0.995347 -0.0385017 -0.0883273 -0.367007
0.0356867 0.99881 -0.0332305 0.0650232
0.0895017 0.0299238 0.995537 -1.63994
235 0.994573 -0.0388548 -0.0965136 -0.375713
0.0346875 0.998408 -0.0444875 0.0619232
0.0980884 0.0408982 0.994337 -1.64396
236 0.994681 -0.0410783 -0.0944583 -0.379383
0.0377668 0.998617 -0.0365831 0.0427612
0.0958304 0.0328211 0.994856 -1.64465
237 0.994926 -0.0441316 -0.0904146 -0.390985
0.0410486 0.99852 -0.0356805 0.0322915
0.0918554 0.031788 0.995265 -1.64727
238 0.995208 -0.0456134 -0.086486 -0.410281
0.0421659 0.998258 -0.0412792 0.0260968
0.0882182 0.0374347 0.995398 -1.64657
239 0.994206 -0.0515612 -0.0943204 -0.439486
0.0484869 0.998224 -0.0346018 0.019224
0.095937 0.029828 0.99494 -1.65094
240 0.994836 -0.0532173 -0.0864211 -0.452565
0.0507056 0.998232 -0.031005 0.009199
0.0879184 0.0264629 0.995776 -1.643
241 0.995104 -0.0538476 -0.0828714 -0.473684
0.0510497 0.998064 -0.0355195 0.0151884
0.0846236 0.031115 0.995927 -1.62064
242 0.994609 -0.0594088 -0.0849892 -0.500429
0.0555129 0.997328 -0.0474931 0.0357349
0.0875836 0.0425191 0.995249 -1.60214
243 0.99442 -0.0638525 -0.0839738 -0.522814
0.0599374 0.997031 -0.0483479 0.0354662
0.0868116 0.0430449 0.995294 -1.60452
244 0.994415 -0.0682907 -0.0804698 -0.546235
0.0637492 0.996295 -0.0577178 0.0400377
0.0841133 0.0522655 0.995085 -1.6081
245 0.995645 -0.0700241 -0.0615377 -0.5974
0.0672488 0.996672 -0.0460714 0.0236526
0.064559 0.0417325 0.997041 -1.59093
246 0.995158 -0.0747206 -0.0638596 -0.620143
0.0713883 0.996041 -0.052963 0.0305959
0.0675642 0.0481478 0.996552 -1.59215
247 0.994917 -0.0790179 -0.0624229 -0.642937
0.0758186 0.995762 -0.0520599 0.0376582
0.066272 0.0470625 0.996691 -1.59097
248 0.994489 -0.0809027 -0.066687 -0.662714
0.0774505 0.995596 -0.0528243 0.0513016
0.0706669 0.0473683 0.996375 -1.5938
249 0.994774 -0.0812624 -0.061818 -0.688526
0.0787798 0.996024 -0.0415926 0.0562941
0.0649521 0.0365052 0.99722 -1.5972
250 0.994487 -0.080573 -0.0671088 -0.704661
0.0778282 0.996058 -0.0425615 0.0779684
0.0702736 0.0371039 0.996837 -1.60499
251 0.994956 -0.0788343 -0.0620253 -0.738076
0.076755 0.996428 -0.0352236 0.0884596
0.0645805 0.0302852 0.997453 -1.60768
252 0.994414 -0.0774455 -0.0717171 -0.765278
0.0748494 0.996463 -0.0382092 0.100496
0.0744225 0.0326278 0.996693 -1.6138
253 0.994601 -0.0782464 -0.0681582 -0.76636
0.0757183 0.996369 -0.0389219 0.0905461
0.0709562 0.0335509 0.996915 -1.61392
254 0.994324 -0.0809452 -0.0690475 -0.765423
0.077987 0.99596 -0.0445174 0.0960307
0.072372 0.0388799 0.99662 -1.6176
255 0.994658 -0.0816029 -0.0632213 -0.763301
0.0791161 0.996026 -0.0408914 0.0992677
0.0663069 0.0356711 0.997161 -1.61937
256 0.994681 -0.0826661 -0.0614534 -0.767569
0.0801614 0.99589 -0.0421667 0.121944
0.0646866 0.0370162 0.997219 -1.62482
257 0.994704 -0.0838613 -0.059418 -0.789318
0.0816804 0.995925 -0.0382319 0.14549
0.062382 0.0331762 0.997501 -1.6362
258 0.994822 -0.0816305 -0.0605456 -0.822374
0.0793637 0.996085 -0.0389471 0.171317
0.0634878 0.0339403 0.997405 -1.64727
259 0.994584 -0.0843502 -0.0607346 -0.830103
0.0817872 0.995699 -0.0435203 0.196605
0.0641444 0.0383172 0.997205 -1.65525
260 0.994503 -0.0862575 -0.0593614 -0.813117
0.0839653 0.995662 -0.0400873 0.217523
0.0625617 0.0348826 0.997431 -1.6695
261 0.994124 -0.0895531 -0.0608128 -0.817144
0.0870202 0.995274 -0.0430997 0.246423
0.0643851 0.0375545 0.997218 -1.68528
262 0.993811 -0.0913105 -0.063257 -0.827122
0.0887559 0.995164 -0.0420859 0.268791
0.066794 0.036211 0.997109 -1.70198
263 0.994153 -0.08994 -0.0597564 -0.848423
0.087882 0.995472 -0.036224 0.282873
0.0627438 0.0307607 0.997556 -1.70914
264 0.994225 -0.0895669 -0.0591082 -0.858035
0.0875874 0.995532 -0.0352759 0.303984
0.0620037 0.029895 0.997628 -1.71456
265 0.994655 -0.0865745 -0.0562777 -0.870194
0.0849538 0.995915 -0.0305837 0.342623
0.0586956 0.0256392 0.997947 -1.72519
266 0.994755 -0.0854158 -0.0562771 -0.874638
0.0837454 0.995992 -0.0314045 0.396929
0.058734 0.0265269 0.997921 -1.74882
267 0.994922 -0.0843817 -0.0548564 -0.873895
0.0826955 0.996051 -0.032318 0.430968
0.0573668 0.0276175 0.997971 -1.76874
268 0.994885 -0.0867966 -0.0516751 -0.876556
0.0851552 0.995816 -0.0331635 0.457214
0.0543373 0.0285935 0.998113 -1.77696
269 0.994792 -0.0869008 -0.053256 -0.867272
0.0853305 0.995868 -0.0310856 0.473488
0.0557373 0.0263794 0.998097 -1.78058
270 0.995052 -0.086082 -0.0496106 -0.862524
0.0848509 0.996044 -0.0264128 0.484285
0.051688 0.0220727 0.998419 -1.77931
271 0.994703 -0.0873899 -0.054114 -0.86084
0.08597 0.995903 -0.0280374 0.506971
0.0563424 0.0232367 0.998141 -1.77954
272 0.994933 -0.0870016 -0.0503839 -0.866104
0.0857673 0.995972 -0.0261664 0.525861
0.0524574 0.0217126 0.998387 -1.78631
273 0.994769 -0.0893054 -0.0495877 -0.852562
0.0880069 0.995732 -0.0277829 0.544573
0.0518572 0.0232735 0.998383 -1.79625
274 0.994701 -0.0934401 -0.0428733 -0.831793
0.0920467 0.995194 -0.033403 0.56544
0.0457884 0.0292796 0.998522 -1.80935
275 0.994136 -0.0987209 -0.0441352 -0.813639
0.0971755 0.99462 -0.0358916 0.576261
0.047441 0.0313923 0.998381 -1.81808
276 0.993531 -0.104004 -0.0456077 -0.808635
0.102361 0.994059 -0.0370049 0.598454
0.0491854 0.0320971 0.998274 -1.81384
277 0.993415 -0.108013 -0.0381963 -0.807455
0.106558 0.993569 -0.0382878 0.631354
0.0420862 0.0339656 0.998536 -1.80625
278 0.992771 -0.113165 -0.0399955 -0.773986
0.111674 0.993028 -0.0377405 0.649769
0.0439875 0.0330012 0.998487 -1.80651
279 0.992958 -0.11338 -0.0343558 -0.759162
0.11226 0.993133 -0.0329264 0.658115
0.037853 0.0288377 0.998867 -1.80458
280 0.992209 -0.118443 -0.0386213 -0.74506
0.117095 0.992487 -0.0354776 0.672554
0.0425332 0.0306788 0.998624 -1.81032
281 0.992142 -0.119496 -0.037069 -0.736339
0.118063 0.992251 -0.0387093 0.686656
0.0414074 0.0340287 0.998563 -1.81026
282 0.991955 -0.121339 -0.0360897 -0.723972
0.119851 0.99195 -0.0408663 0.68885
0.0407578 0.0362121 0.998513 -1.80559
283 0.992002 -0.12207 -0.0321188 -0.703779
0.120624 0.991737 -0.043672 0.685756
0.0371845 0.0394484 0.998529 -1.7941
284 0.9916 -0.125458 -0.0314435 -0.685558
0.123955 0.991226 -0.0458983 0.691101
0.036926 0.0416151 0.998451 -1.7868
285 0.990522 -0.132199 -0.0372855 -0.654949
0.130127 0.990058 -0.0534054 0.694687
0.0439749 0.0480473 0.997877 -1.78408
286 0.991044 -0.129116 -0.0340795 -0.62882
0.127042 0.990241 -0.0572932 0.695473
0.0411444 0.0524505 0.997776 -1.76943
287 0.990277 -0.133902 -0.0377118 -0.610328
0.131361 0.989312 -0.0633015 0.709485
0.0457849 0.0577321 0.997282 -1.75192
288 0.988833 -0.144302 -0.0372333 -0.596566
0.141278 0.987201 -0.0739907 0.765991
0.0474338 0.0679042 0.996564 -1.74267
289 0.988474 -0.148532 -0.0292704 -0.582316
0.145913 0.986274 -0.0772885 0.795679
0.0403485 0.0721268 0.996579 -1.73125
290 0.986917 -0.157034 -0.0365533 -0.53979
0.153911 0.985114 -0.0765606 0.794984
0.0480318 0.0699329 0.996395 -1.73971
291 0.986717 -0.158985 -0.0333742 -0.524722
0.155667 0.984095 -0.08559 0.805081
0.0464508 0.0792578 0.995771 -1.7316
292 0.985579 -0.165042 -0.0373454 -0.525818
0.161169 0.982816 -0.0899832 0.806363
0.0515546 0.0826667 0.995243 -1.72131
293 0.98446 -0.17136 -0.0383953 -0.524891
0.166824 0.980873 -0.10029 0.813239
0.0548467 0.0923266 0.994217 -1.70424
294 0.982908 -0.179861 -0.0392794 -0.51617
0.174807 0.978733 -0.107351 0.815185
0.0577523 0.0986497 0.993445 -1.68902
295 0.981203 -0.188144 -0.0429205 -0.531265
0.181999 0.976152 -0.118339 0.805338
0.0641617 0.108303 0.992045 -1.67012
296 0.979538 -0.19649 -0.0435598 -0.530349
0.189307 0.973 -0.132039 0.786634
0.0683281 0.121091 0.990287 -1.65075
297 0.977361 -0.207249 -0.0425835 -0.50824
0.199441 0.969629 -0.141576 0.793267
0.0706316 0.129877 0.989011 -1.6377
298 0.974048 -0.222935 -0.039133 -0.478498
0.215297 0.965909 -0.143759 0.830288
0.0698479 0.131603 0.988839 -1.63357
299 0.9725 -0.229638 -0.0388715 -0.455314
0.222132 0.964681 -0.14159 0.843657
0.070013 0.129062 0.989162 -1.63009
300 0.973335 -0.226865 -0.0339364 -0.445029
0.219582 0.964264 -0.148253 0.840146
0.066357 0.136848 0.988367 -1.60611
301 0.970998 -0.235576 -0.0408276 -0.427128
0.227508 0.962898 -0.145147 0.815495
0.073506 0.131649 0.988567 -1.58726
302 0.969603 -0.241305 -0.0405083 -0.434325
0.232887 0.960911 -0.14971 0.80584
0.0750508 0.135726 0.9879 -1.56951
303 0.967771 -0.248616 -0.0401114 -0.422906
0.239697 0.958226 -0.15604 0.788182
0.0772299 0.141397 0.986936 -1.56128
304 0.965836 -0.256172 -0.0391889 -0.408537
0.246926 0.955586 -0.160881 0.792422
0.0786616 0.145708 0.986196 -1.56885
305 0.964949 -0.260362 -0.0329559 -0.397098
0.252058 0.954412 -0.159888 0.796292
0.0730822 0.145977 0.986585 -1.5675
306 0.964316 -0.262395 -0.0352658 -0.37771
0.253549 0.953614 -0.162278 0.781333
0.076211 0.147546 0.986115 -1.55374
307 0.962721 -0.268125 -0.0357268 -0.351094
0.25881 0.951464 -0.166536 0.765048
0.0786452 0.151081 0.985388 -1.54661
308 0.962209 -0.270979 -0.0269241 -0.33938
0.263126 0.950655 -0.164376 0.749419
0.0701381 0.15108 0.98603 -1.54767
309 0.960547 -0.276322 -0.031564 -0.336834
0.266928 0.947811 -0.174369 0.763447
0.0780987 0.159064 0.984174 -1.54546
310 0.958286 -0.283441 -0.0367288 -0.31971
0.273327 0.946396 -0.172123 0.757169
0.0835466 0.154904 0.984391 -1.54928
311 0.958975 -0.282341 -0.0254843 -0.31239
0.273543 0.945188 -0.178307 0.757992
0.074431 0.164021 0.983645 -1.543
312 0.957544 -0.287322 -0.0235725 -0.302403
0.277964 0.941849 -0.188827 0.752201
0.0764559 0.174258 0.981727 -1.52317
313 0.954446 -0.297945 -0.0161984 -0.298449
0.29013 0.939354 -0.182861 0.731396
0.0696986 0.169832 0.983005 -1.51424
314 0.951171 -0.30794 -0.0211245 -0.284501
0.298816 0.935815 -0.186976 0.733692
0.0773461 0.171534 0.982137 -1.50316
315 0.951787 -0.306648 -0.00825561 -0.27743
0.29941 0.934503 -0.192504 0.730097
0.0667458 0.180751 0.981262 -1.49017
316 0.949736 -0.313029 0.00388496 -0.250562
0.307797 0.931454 -0.19405 0.725948
0.0571246 0.185492 0.980984 -1.49149
321 0.945193 -0.326079 -0.0167907 -0.205313
0.317563 0.930031 -0.184921 0.609762
0.0759147 0.169454 0.98261 -1.50625
322 0.946738 -0.321791 -0.0117601 -0.19691
0.313546 0.929567 -0.193892 0.581799
0.0733246 0.179878 0.980952 -1.50944
323 0.945394 -0.325631 -0.0139485 -0.168648
0.316968 0.928525 -0.19332 0.560974
0.0759025 0.178342 0.981037 -1.51431
324 0.943743 -0.330319 -0.0154258 -0.146195
0.321372 0.927173 -0.192537 0.543939
0.077901 0.176748 0.981169 -1.51952
325 0.944905 -0.327099 -0.0126567 -0.12992
0.318371 0.927309 -0.19682 0.531732
0.0761162 0.181946 0.980358 -1.52727
326 0.943691 -0.330062 -0.0225248 -0.0940857
0.320117 0.928201 -0.189652 0.503145
0.0835044 0.171762 0.981593 -1.54691
327 0.94125 -0.335169 -0.0413523 -0.049309
0.316574 0.918339 -0.237558 0.518727
0.117598 0.21051 0.970493 -1.54338
328 0.943493 -0.329878 -0.031656 -0.0529399
0.31474 0.921881 -0.225995 0.473271
0.103734 0.203261 0.973614 -1.54969
329 0.944347 -0.326822 -0.0373778 -0.0524401
0.311133 0.924297 -0.221067 0.442658
0.106798 0.197135 0.974542 -1.55787
330 0.945047 -0.324567 -0.0392783 -0.0467613
0.30962 0.927092 -0.211271 0.408715
0.104986 0.187499 0.976638 -1.57793
331 0.946978 -0.319734 -0.0316534 -0.0580409
0.308751 0.932835 -0.185717 0.365311
0.0889076 0.166097 0.982093 -1.59463
332 0.948203 -0.315139 -0.0399893 -0.107154
0.302366 0.933951 -0.190554 0.352994
0.0973991 0.168593 0.980862 -1.5829
333 0.949403 -0.310367 -0.0480308 -0.113833
0.296286 0.935853 -0.190771 0.32108
0.104159 0.166888 0.980459 -1.58418
334 0.949841 -0.309566 -0.0443952 -0.111555
0.295777 0.935353 -0.193984 0.294391
0.101576 0.171123 0.98 -1.5853
335 0.951218 -0.306237 -0.0374616 -0.106108
0.293002 0.934713 -0.201148 0.268145
0.096615 0.180359 0.978844 -1.59457
336 0.951484 -0.305424 -0.0373342 -0.114167
0.292854 0.936124 -0.1947 0.239121
0.0944154 0.17432 0.980152 -1.60422
337 0.951603 -0.304108 -0.0443882 -0.115228
0.289925 0.936213 -0.198616 0.225492
0.101957 0.176135 0.979072 -1.61629
338 0.951464 -0.304891 -0.0419253 -0.120029
0.291813 0.937035 -0.191862 0.200312
0.0977823 0.170315 0.980526 -1.62738
339 0.952677 -0.302209 -0.0328142 -0.132176
0.290571 0.937029 -0.193767 0.182173
0.0893059 0.175062 0.980499 -1.6287
340 0.951862 -0.303746 -0.0412064 -0.119989
0.290571 0.936927 -0.194257 0.156514
0.0976123 0.172933 0.980085 -1.63509
341 0.95218 -0.301352 -0.0504039 -0.117087
0.286766 0.938367 -0.192957 0.124428
0.105445 0.169276 0.979912 -1.64222
342 0.952976 -0.29876 -0.0507887 -0.137861
0.28368 0.938408 -0.197274 0.110733
0.106598 0.17359 0.979032 -1.638
343 0.953145 -0.297146 -0.0567435 -0.148169
0.280543 0.938407 -0.201715 0.0968051
0.113187 0.176345 0.977799 -1.64055
344 0.952364 -0.298917 -0.0604243 -0.142862
0.283542 0.940863 -0.18542 0.0637474
0.112276 0.159455 0.9808 -1.65239
345 0.952658 -0.298909 -0.0556478 -0.151506
0.283657 0.939656 -0.191271 0.0767063
0.109463 0.166431 0.979958 -1.66145
346 0.951105 -0.301107 -0.0688038 -0.160449
0.282352 0.937909 -0.201504 0.10116
0.125206 0.172224 0.977068 -1.66975
347 0.95218 -0.300012 -0.0578395 -0.188509
0.285634 0.941266 -0.180086 0.048704
0.10847 0.154953 0.981949 -1.67335
348 0.952043 -0.298686 -0.0663436 -0.199262
0.282639 0.941577 -0.183159 0.0216958
0.117175 0.155624 0.980842 -1.67406
349 0.951154 -0.299154 -0.0762369 -0.199106
0.2807 0.940845 -0.189786 0.0101019
0.128502 0.159116 0.978861 -1.68047
350 0.950861 -0.298273 -0.0830475 -0.205377
0.27922 0.941986 -0.186273 -0.0169348
0.13379 0.153931 0.978982 -1.69442
351 0.949866 -0.300891 -0.0849716 -0.225697
0.282614 0.942518 -0.178294 -0.0525992
0.133734 0.145341 0.980302 -1.71094
352 0.949106 -0.303106 -0.0855771 -0.254501
0.284059 0.94116 -0.183106 -0.0554358
0.136042 0.149478 0.979361 -1.72218
353 0.948978 -0.303368 -0.0860754 -0.281056
0.283335 0.940099 -0.189563 -0.0539519
0.138427 0.155503 0.978088 -1.73589
354 0.948103 -0.304596 -0.0912295 -0.302422
0.28461 0.940892 -0.183626 -0.0790709
0.141769 0.148131 0.978754 -1.75426
355 0.949575 -0.303125 -0.0801441 -0.336218
0.285357 0.941425 -0.179695 -0.0890994
0.12992 0.147764 0.980452 -1.76975
356 0.952091 -0.294372 -0.0828745 -0.377214
0.278012 0.946044 -0.166463 -0.109983
0.127405 0.135447 0.982559 -1.80679
357 0.954799 -0.286984 -0.0774557 -0.3892
0.272701 0.949374 -0.155958 -0.158273
0.118292 0.127786 0.984722 -1.82145
358 0.95653 -0.283288 -0.0692711 -0.431213
0.270986 0.951154 -0.147897 -0.191649
0.107785 0.122697 0.986574 -1.83052
359 0.958057 -0.281846 -0.0518686 -0.500303
0.272615 0.952131 -0.138301 -0.203061
0.0883652 0.11836 0.989031 -1.81624
360 0.958563 -0.282028 -0.0402155 -0.556178
0.275041 0.952968 -0.127298 -0.207155
0.0742256 0.110962 0.991049 -1.79882
361 0.959689 -0.280352 -0.0199821 -0.580553
0.275909 0.953261 -0.123159 -0.212567
0.0535759 0.112681 0.992186 -1.76933
362 0.959775 -0.280501 -0.0123255 -0.568965
0.276877 0.952836 -0.12427 -0.205279
0.046602 0.115859 0.992172 -1.75243
363 0.959147 -0.282908 -0.000139115 -0.580408
0.28081 0.952092 -0.121107 -0.203131
0.0343945 0.11612 0.99264 -1.73251
364 0.958411 -0.285143 0.0119224 -0.616629
0.284592 0.95176 -0.11472 -0.225421
0.0213644 0.113342 0.993326 -1.70774
365 0.958548 -0.284217 0.0201531 -0.626681
0.284691 0.952441 -0.10866 -0.273388
0.0116884 0.109893 0.993875 -1.68586
366 0.957892 -0.285247 0.0328157 -0.652325
0.287123 0.952328 -0.103113 -0.306878
-0.0018387 0.108193 0.994128 -1.65925
367 0.956202 -0.290599 0.035076 -0.676281
0.292678 0.950935 -0.100309 -0.303311
-0.00420527 0.106182 0.994338 -1.6316
368 0.953381 -0.297723 0.0492613 -0.716371
0.301349 0.947907 -0.103253 -0.284338
-0.0159543 0.113285 0.993434 -1.61051
369 0.951208 -0.303407 0.0560937 -0.734866
0.307691 0.946304 -0.0991694 -0.27348
-0.022993 0.11159 0.993488 -1.6073
370 0.948838 -0.307547 0.0715646 -0.778995
0.313251 0.94533 -0.0906909 -0.271696
-0.0397604 0.108469 0.993304 -1.5883
371 0.947978 -0.309644 0.073876 -0.775204
0.315725 0.944194 -0.0938925 -0.266609
-0.0406801 0.112333 0.992838 -1.57868
372 0.946168 -0.314291 0.0773818 -0.767312
0.320681 0.942679 -0.0923025 -0.251114
-0.0439363 0.112149 0.99272 -1.5716
373 0.945074 -0.317031 0.0795411 -0.769584
0.323736 0.941457 -0.0940893 -0.225388
-0.0450554 0.114672 0.992381 -1.57827
374 0.945423 -0.317514 0.073213 -0.791517
0.323428 0.941732 -0.0923823 -0.21828
-0.0396144 0.11102 0.993028 -1.59104
375 0.944942 -0.318824 0.0737264 -0.851689
0.324581 0.941825 -0.0872581 -0.213139
-0.0416173 0.106384 0.993454 -1.58591
376 0.945038 -0.31855 0.0736851 -0.892855
0.324378 0.941725 -0.0890691 -0.177024
-0.0410181 0.108075 0.993296 -1.58233
377 0.94471 -0.320301 0.0702213 -0.957553
0.325488 0.941953 -0.0823541 -0.132297
-0.0397671 0.100657 0.994126 -1.59368
378 0.942691 -0.324908 0.0759466 -0.994154
0.330879 0.939637 -0.0871896 -0.0956542
-0.0430337 0.107322 0.993293 -1.60102
379 0.941899 -0.327384 0.0751415 -0.992622
0.333386 0.938467 -0.0901905 -0.0730273
-0.0409909 0.110001 0.993086 -1.60695
380 0.939839 -0.332932 0.0765472 -1.00979
0.339037 0.936514 -0.0894168 -0.0389368
-0.0419178 0.10999 0.993048 -1.61143
381 0.93733 -0.337892 0.0850946 -1.04918
0.345084 0.934014 -0.0923843 -0.00701525
-0.0482636 0.115959 0.992081 -1.60315
382 0.935865 -0.341948 0.0850173 -1.05484
0.349422 0.931731 -0.0989024 0.0283898
-0.0453938 0.122266 0.991459 -1.60721
383 0.933947 -0.345445 0.0917093 -1.08002
0.353748 0.930071 -0.0991451 0.0633514
-0.051047 0.125038 0.990838 -1.61226
384 0.932607 -0.34655 0.100738 -1.12478
0.355596 0.930045 -0.09256 0.105362
-0.0616142 0.122144 0.990598 -1.62354
385 0.931526 -0.350014 0.0987379 -1.14691
0.359122 0.928136 -0.0979538 0.148763
-0.057357 0.126706 0.990281 -1.6435
386 0.929003 -0.354678 0.105626 -1.1819
0.364789 0.925705 -0.100002 0.192789
-0.06231 0.131433 0.989365 -1.63784
387 0.927251 -0.358448 0.108264 -1.1949
0.369242 0.923336 -0.105412 0.216324
-0.0621789 0.137719 0.988518 -1.63074
388 0.925688 -0.360306 0.115244 -1.19131
0.372107 0.922125 -0.10593 0.228332
-0.0681027 0.140941 0.987673 -1.61777
389 0.923898 -0.363983 0.118019 -1.20547
0.376198 0.920412 -0.106381 0.246137
-0.069905 0.142684 0.987297 -1.6123
390 0.921318 -0.369242 0.121797 -1.2286
0.382318 0.917343 -0.110967 0.278735
-0.070756 0.148801 0.986332 -1.61047
391 0.917107 -0.376227 0.131786 -1.24968
0.390766 0.913829 -0.110536 0.329231
-0.0788431 0.152871 0.985096 -1.61109
392 0.913233 -0.385065 0.133153 -1.26695
0.399864 0.909763 -0.111535 0.374479
-0.0781895 0.1551 0.9848 -1.59851
393 0.910158 -0.391617 0.135089 -1.27439
0.407104 0.905897 -0.116692 0.415455
-0.0766787 0.161203 0.983938 -1.59052
394 0.905457 -0.400218 0.141329 -1.28794
0.41701 0.900867 -0.120584 0.450055
-0.0790589 0.168119 0.982591 -1.60137
395 0.901285 -0.408542 0.144149 -1.28339
0.425831 0.89664 -0.121265 0.488342
-0.079708 0.170678 0.982098 -1.6164
396 0.897274 -0.416325 0.146878 -1.2867
0.433983 0.892831 -0.120465 0.512533
-0.0809842 0.171833 0.981792 -1.61704
398 0.886158 -0.436041 0.15682 -1.27562
0.457123 0.878045 -0.141685 0.583501
-0.075915 0.197241 0.977411 -1.57913
399 0.877861 -0.448205 0.168738 -1.26532
0.472028 0.869291 -0.146705 0.604759
-0.0809283 0.208435 0.974682 -1.57447
400 0.871425 -0.453681 0.186528 -1.2647
0.48208 0.862354 -0.154741 0.62287
-0.0906502 0.224766 0.970187 -1.5674
401 0.86413 -0.464959 0.192593 -1.2523
0.495094 0.854075 -0.159488 0.637386
-0.090333 0.23317 0.968231 -1.5851
402 0.856001 -0.473637 0.207195 -1.25668
0.507374 0.846559 -0.160965 0.636304
-0.0991641 0.242912 0.964967 -1.59044
403 0.84792 -0.480726 0.223461 -1.28349
0.520079 0.836009 -0.174946 0.658358
-0.102714 0.264558 0.958884 -1.58134
404 0.844235 -0.486195 0.225568 -1.32063
0.52687 0.830056 -0.182798 0.667178
-0.098359 0.273169 0.956924 -1.57607
405 0.838823 -0.491726 0.233627 -1.37803
0.535627 0.822188 -0.192639 0.662934
-0.0973596 0.286727 0.953052 -1.56345
406 0.834043 -0.496199 0.241161 -1.37472
0.542844 0.816105 -0.198225 0.634881
-0.0984536 0.296241 0.950025 -1.54308
407 0.829232 -0.499855 0.250039 -1.36565
0.549987 0.809386 -0.205934 0.608697
-0.0994407 0.308285 0.946082 -1.50049
408 0.823538 -0.508772 0.25087 -1.38487
0.55983 0.800295 -0.214749 0.585025
-0.0915114 0.317299 0.9439 -1.459
409 0.818667 -0.513466 0.257172 -1.38967
0.567159 0.793172 -0.22183 0.580175
-0.090079 0.327463 0.94056 -1.44242
410 0.813229 -0.514681 0.271592 -1.3762
0.57394 0.786477 -0.228137 0.569434
-0.0961825 0.341405 0.934982 -1.43242
411 0.80466 -0.519118 0.288163 -1.37944
0.584734 0.777061 -0.232943 0.564977
-0.102995 0.355939 0.928816 -1.42365
412 0.799657 -0.523845 0.293489 -1.39725
0.59169 0.770663 -0.236605 0.579358
-0.102237 0.362857 0.926219 -1.41858
413 0.795452 -0.527212 0.298839 -1.43177
0.596817 0.767105 -0.235285 0.58136
-0.105196 0.36551 0.924844 -1.40407
414 0.789358 -0.531646 0.307029 -1.46236
0.605185 0.757941 -0.243467 0.573182
-0.103272 0.377992 0.920031 -1.38142
415 0.780331 -0.537941 0.318909 -1.46421
0.61655 0.747104 -0.248396 0.554326
-0.104636 0.390455 0.914656 -1.37333
416 0.776104 -0.539222 0.326958 -1.44441
0.621588 0.741513 -0.25256 0.540264
-0.106257 0.399246 0.910666 -1.37518
417 0.76797 -0.541506 0.342042 -1.43373
0.629671 0.73605 -0.248486 0.566435
-0.117203 0.406204 0.906235 -1.37735
423 0.718194 -0.586222 0.374889 -1.32608
0.685115 0.689962 -0.233602 0.620142
-0.121716 0.424613 0.897156 -1.38667
434 0.676395 -0.629881 0.381759 -0.913395
0.732558 0.629135 -0.259899 0.714847
-0.0764722 0.455455 0.886968 -1.45809
435 0.672179 -0.632485 0.384886 -0.881832
0.736266 0.625801 -0.257459 0.704632
-0.0780233 0.456437 0.886328 -1.46829
436 0.66615 -0.637687 0.386781 -0.852728
0.741671 0.621014 -0.253506 0.6908
-0.0785393 0.455737 0.886643 -1.47951
437 0.663294 -0.639629 0.388478 -0.824075
0.744226 0.618273 -0.252717 0.672289
-0.0785399 0.456741 0.886126 -1.48503
438 0.661035 -0.642093 0.388265 -0.80369
0.746162 0.61713 -0.249788 0.666089
-0.0792227 0.454826 0.887049 -1.48886
439 0.661226 -0.646987 0.379722 -0.777457
0.746313 0.618694 -0.245429 0.649764
-0.0761424 0.445675 0.891951 -1.49226
440 0.663668 -0.650891 0.368626 -0.743534
0.744927 0.619912 -0.246561 0.625332
-0.0680315 0.438235 0.896282 -1.47237
441 0.665115 -0.658685 0.35179 -0.705111
0.744782 0.619248 -0.24866 0.606138
-0.0540564 0.427394 0.902448 -1.46217
442 0.665738 -0.661779 0.344733 -0.691326
0.744919 0.616337 -0.255392 0.59446
-0.0434583 0.426822 0.903291 -1.47332
443 0.669079 -0.66248 0.336828 -0.659492
0.742359 0.617194 -0.260722 0.592298
-0.0351652 0.424491 0.904749 -1.50367
444 0.672169 -0.664589 0.32636 -0.639321
0.739954 0.618249 -0.265021 0.611847
-0.0256419 0.41963 0.907333 -1.54606
445 0.678668 -0.665826 0.309977 -0.619274
0.734293 0.623736 -0.267894 0.59788
-0.0149726 0.409425 0.912221 -1.59193
446 0.693916 -0.657441 0.293686 -0.559612
0.71998 0.639411 -0.269782 0.550498
-0.0104202 0.398654 0.917042 -1.60511
447 0.709901 -0.648813 0.274012 -0.51925
0.704299 0.654934 -0.273904 0.529115
-0.00174706 0.387431 0.921897 -1.598
448 0.723299 -0.640666 0.257655 -0.477713
0.690528 0.669406 -0.273983 0.550596
0.00305642 0.37609 0.926578 -1.59981
449 0.732717 -0.636961 0.239598 -0.441873
0.680482 0.681427 -0.269445 0.593176
0.0083571 0.360469 0.932734 -1.62784
450 0.744679 -0.630205 0.219758 -0.380425
0.667253 0.695557 -0.266411 0.623941
0.0150393 0.345025 0.938473 -1.66575
451 0.762325 -0.613256 0.206828 -0.31942
0.647054 0.715536 -0.263307 0.604863
0.0134813 0.334554 0.94228 -1.66251
452 0.776844 -0.601319 0.18689 -0.335369
0.629423 0.732836 -0.258413 0.569548
0.0184293 0.31838 0.947784 -1.64732
453 0.790167 -0.587633 0.174137 -0.318001
0.612444 0.74618 -0.261015 0.55089
0.0234441 0.312894 0.949499 -1.65382
454 0.812894 -0.563425 0.147496 -0.249144
0.581719 0.773121 -0.252758 0.523998
0.0283775 0.291267 0.956221 -1.66977
455 0.837673 -0.532876 0.119781 -0.20045
0.545147 0.80231 -0.243132 0.502238
0.0334577 0.268963 0.962569 -1.67102
456 0.854985 -0.509852 0.0951405 -0.162288
0.517275 0.824879 -0.228039 0.497785
0.0377868 0.244184 0.968993 -1.70002
457 0.870326 -0.488176 0.0649425 -0.12608
0.489847 0.844511 -0.21645 0.516531
0.0508208 0.220194 0.974131 -1.74187
458 0.884972 -0.463789 0.0415242 -0.0951362
0.46146 0.861595 -0.211444 0.514103
0.0622884 0.206284 0.976508 -1.77462
459 0.906955 -0.420699 0.0211115 -0.0257059
0.416994 0.889621 -0.186257 0.431074
0.0595768 0.17773 0.982274 -1.81391
460 0.922038 -0.387096 0.00145873 0.0215269
0.380892 0.906575 -0.181778 0.380078
0.069043 0.168162 0.983339 -1.79656
461 0.929694 -0.367895 -0.0179463 0.0352126
0.359305 0.916552 -0.175591 0.352034
0.0810476 0.156797 0.9843 -1.77941
462 0.938791 -0.342375 -0.0380821 0.0664563
0.332111 0.928882 -0.163952 0.314554
0.0915069 0.141269 0.985733 -1.76513
463 0.948951 -0.310394 -0.0561027 0.111669
0.299633 0.942643 -0.147119 0.266475
0.0985496 0.122799 0.987526 -1.75638
464 0.95633 -0.28236 -0.0755368 0.184655
0.269787 0.952156 -0.143576 0.267126
0.112463 0.116927 0.986752 -1.73767
465 0.957996 -0.271351 -0.0928007 0.179854
0.259022 0.957602 -0.126117 0.290837
0.123088 0.0967818 0.987665 -1.71346
466 0.963908 -0.246561 -0.100443 0.149893
0.235239 0.965421 -0.112364 0.2673
0.124675 0.0846806 0.988577 -1.71529
467 0.969332 -0.215453 -0.11822 0.196041
0.205196 0.974281 -0.0931226 0.192209
0.135243 0.0660084 0.988611 -1.75019
468 0.972649 -0.195019 -0.12618 0.192268
0.18597 0.979291 -0.0800247 0.170274
0.139173 0.0543704 0.988774 -1.774
469 0.974355 -0.178806 -0.136604 0.178361
0.170985 0.982987 -0.0670845 0.132688
0.146275 0.0420069 0.988352 -1.7807
470 0.977561 -0.151843 -0.146004 0.184764
0.142265 0.987058 -0.0740061 0.0739307
0.155352 0.0515743 0.986512 -1.78203
475 0.984448 -0.100054 -0.144397 0.082003
0.104701 0.994191 0.0249257 -0.245914
0.141064 -0.0396565 0.989206 -1.72942
477 0.981892 -0.0631495 -0.178608 0.0545723
0.0726937 0.996227 0.0474004 -0.364928
0.17494 -0.0595257 0.982778 -1.6979
478 0.983405 -0.060745 -0.170953 0.0147003
0.0706161 0.996134 0.0522606 -0.371274
0.167117 -0.0634654 0.983892 -1.6957
479 0.983675 -0.0653634 -0.167664 -0.012226
0.076762 0.995093 0.0624239 -0.377027
0.162761 -0.074275 0.983866 -1.69041
480 0.985723 -0.0679915 -0.154039 -0.044031
0.0813162 0.993316 0.0819156 -0.412403
0.14744 -0.0932719 0.984663 -1.69501
481 0.986216 -0.0625988 -0.153163 -0.0620463
0.0767992 0.9931 0.0886222 -0.450724
0.146559 -0.0991635 0.984219 -1.70491
482 0.987538 -0.0664925 -0.142645 -0.0864472
0.0821714 0.990858 0.106998 -0.494921
0.134226 -0.117386 0.983973 -1.71043
483 0.987663 -0.0677416 -0.141187 -0.108307
0.0834164 0.99062 0.108233 -0.498304
0.13253 -0.118675 0.984049 -1.71894
484 0.988205 -0.0746941 -0.133687 -0.165137
0.0893459 0.990217 0.107181 -0.503665
0.124373 -0.117861 0.985211 -1.72264
485 0.989005 -0.0773452 -0.126043 -0.229907
0.0915409 0.989592 0.111027 -0.5336
0.116143 -0.121344 0.985792 -1.71462
486 0.989507 -0.0774695 -0.121961 -0.277859
0.0916078 0.989139 0.114942 -0.574582
0.111732 -0.124909 0.985857 -1.70955
487 0.990451 -0.0778237 -0.113799 -0.304348
0.0919799 0.987889 0.124961 -0.604655
0.102696 -0.134235 0.985614 -1.71069
488 0.990361 -0.0814546 -0.11203 -0.297205
0.0947924 0.988311 0.119398 -0.592677
0.100995 -0.128867 0.986506 -1.71849
489 0.990593 -0.0873919 -0.1053 -0.301427
0.100913 0.986261 0.130791 -0.591139
0.0924228 -0.140187 0.985802 -1.70925
490 0.990596 -0.0957333 -0.09775 -0.324129
0.108686 0.984567 0.137166 -0.573003
0.0831102 -0.1465 0.985713 -1.69709
491 0.990977 -0.104611 -0.0837922 -0.350347
0.115258 0.984206 0.134366 -0.551105
0.0684127 -0.142811 0.987383 -1.6741
492 0.990727 -0.112859 -0.0756497 -0.3898
0.122362 0.98316 0.135733 -0.539991
0.0590571 -0.143731 0.987853 -1.63929
493 0.990547 -0.122445 -0.061838 -0.416262
0.129762 0.982591 0.132953 -0.536359
0.0444821 -0.13972 0.989191 -1.60383
494 0.990097 -0.128218 -0.0571666 -0.415672
0.134762 0.982162 0.13114 -0.522453
0.0393323 -0.137545 0.989714 -1.57462
495 0.989887 -0.13382 -0.0470702 -0.427433
0.13904 0.981062 0.134855 -0.511696
0.0281325 -0.140035 0.989747 -1.56161
496 0.988976 -0.141532 -0.0435445 -0.439457
0.146215 0.979863 0.135976 -0.519498
0.0234228 -0.140844 0.989755 -1.57568
497 0.987962 -0.146465 -0.0497984 -0.421172
0.151778 0.979975 0.128891 -0.541361
0.0299231 -0.134898 0.990408 -1.60578
498 0.987453 -0.157258 -0.0143476 -0.454407
0.157799 0.979264 0.127052 -0.561708
-0.00592979 -0.127722 0.991792 -1.59508
499 0.986265 -0.164995 -0.00755409 -0.500705
0.164648 0.978504 0.124185 -0.566117
-0.0130982 -0.123723 0.99223 -1.5603
500 0.984961 -0.172572 0.00843877 -0.580644
0.170422 0.97841 0.116924 -0.586042
-0.0284343 -0.113727 0.993105 -1.51829
501 0.985186 -0.17109 0.0117165 -0.595741
0.168506 0.978466 0.119205 -0.619815
-0.0318591 -0.115465 0.9928 -1.5073
502 0.984444 -0.174265 0.0223857 -0.62131
0.17078 0.979028 0.111081 -0.599359
-0.0412739 -0.10553 0.993559 -1.51066
503 0.983113 -0.181702 0.021757 -0.637757
0.177686 0.976237 0.124049 -0.566564
-0.04378 -0.118088 0.992038 -1.508
504 0.979972 -0.195133 0.0397344 -0.672896
0.190638 0.976952 0.0960298 -0.497295
-0.0575572 -0.0865316 0.994585 -1.51644
505 0.978004 -0.202306 0.0507984 -0.62933
0.197508 0.97649 0.0863588 -0.501096
-0.0670751 -0.0744262 0.994968 -1.52061
506 0.976408 -0.207083 0.0611967 -0.610297
0.202019 0.976123 0.079824 -0.549416
-0.0762657 -0.0655779 0.994929 -1.51148
507 0.979456 -0.189401 0.069238 -0.623928
0.184383 0.980149 0.0728804 -0.583538
-0.0816671 -0.0586169 0.994934 -1.53015
508 0.979237 -0.187774 0.0763867 -0.609961
0.183115 0.981002 0.0640613 -0.583188
-0.0869646 -0.0487436 0.995018 -1.54982
509 0.976075 -0.198904 0.0878299 -0.615218
0.193474 0.978842 0.0666052 -0.560445
-0.0992196 -0.0480189 0.993906 -1.54802
510 0.97047 -0.221565 0.0953817 -0.639407
0.217006 0.974568 0.0559044 -0.530884
-0.105342 -0.0335552 0.99387 -1.56455
511 0.965989 -0.238122 0.100814 -0.630326
0.234671 0.971033 0.0449851 -0.539698
-0.108605 -0.0197971 0.993888 -1.58064
512 0.96444 -0.243107 0.103699 -0.604298
0.238754 0.969649 0.0526957 -0.6031
-0.113362 -0.0260634 0.993212 -1.56536
515 0.967474 -0.217875 0.128549 -0.656823
0.20814 0.974398 0.0850043 -0.704101
-0.143778 -0.0554833 0.988053 -1.65778
516 0.962816 -0.233071 0.136613 -0.728942
0.216941 0.968382 0.12318 -0.704199
-0.161003 -0.0889625 0.982936 -1.64271
517 0.962272 -0.235659 0.136004 -0.750755
0.219985 0.967993 0.120816 -0.694117
-0.160123 -0.0863393 0.983314 -1.64878
518 0.957156 -0.249408 0.147135 -0.773505
0.230581 0.963815 0.133764 -0.691631
-0.175172 -0.0941065 0.98003 -1.64163
519 0.953834 -0.258906 0.152209 -0.825191
0.241756 0.962591 0.122363 -0.645184
-0.178196 -0.0799167 0.980744 -1.63327
520 0.95015 -0.276292 0.144494 -0.866121
0.258838 0.957334 0.128509 -0.633402
-0.173835 -0.0847021 0.981125 -1.59968
521 0.94386 -0.289541 0.159044 -0.89328
0.271965 0.954359 0.123423 -0.651632
-0.187521 -0.0732397 0.979526 -1.58014
522 0.938487 -0.299911 0.171162 -0.919687
0.28114 0.951416 0.125574 -0.660126
-0.200507 -0.0697289 0.977208 -1.576
523 0.933568 -0.309903 0.180027 -0.971174
0.290565 0.94852 0.12602 -0.669258
-0.209814 -0.0653389 0.975556 -1.57644
524 0.931956 -0.310339 0.187477 -0.999658
0.290983 0.948672 0.123893 -0.671293
-0.216304 -0.0609106 0.974424 -1.58294
525 0.93007 -0.312851 0.192598 -0.989491
0.29341 0.948033 0.123061 -0.689032
-0.221089 -0.0579452 0.973531 -1.5931
526 0.916475 -0.33745 0.214946 -1.02158
0.316605 0.940146 0.12604 -0.686507
-0.244613 -0.0474592 0.968459 -1.56415
527 0.912806 -0.348391 0.213095 -1.01273
0.328939 0.936442 0.121966 -0.687054
-0.242043 -0.0412357 0.969389 -1.56705
528 0.903343 -0.364601 0.225917 -1.04726
0.343278 0.930353 0.128855 -0.70485
-0.257163 -0.0388477 0.965587 -1.49699
529 0.896756 -0.387437 0.213825 -1.01294
0.367644 0.92121 0.127318 -0.709432
-0.246305 -0.0355617 0.96854 -1.43362
530 0.883457 -0.424005 0.199307 -0.989779
0.410717 0.905583 0.105975 -0.669287
-0.225424 -0.0117656 0.97419 -1.3632
534 0.875758 -0.424273 0.230305 -1.03477
0.404217 0.905283 0.130656 -0.817895
-0.263925 -0.0213297 0.964307 -1.41855
543 0.896088 -0.334745 0.291501 -1.16665
0.316257 0.942288 0.109887 -0.701958
-0.311462 -0.00627967 0.950238 -1.36981
544 0.896962 -0.327155 0.297368 -1.20363
0.305159 0.944835 0.119017 -0.710325
-0.319901 -0.0160094 0.947316 -1.41737
683 0.861027 -0.464236 0.207649 -0.980738
0.502923 0.837897 -0.212124 -0.319903
-0.0755127 0.287076 0.954927 -1.80773
